,2,0.12078E+04,0.52833E-01,0.34374E+01,0.10831E+07,0.34113E+05
,3,0.11251E+04,0.86628E-01,0.43324E+01,0.16670E+07,0.40487E+05
,4,0.10486E+04,0.97685E-01,0.44600E+01,0.21840E+07,0.43435E+05
,5,0.98949E+03,0.86908E-01,0.41313E+01,0.26398E+07,0.44550E+05
,6,0.94654E+03,0.64326E-01,0.36044E+01,0.30414E+07,0.44649E+05
,7,0.91684E+03,0.40891E-01,0.30198E+01,0.33969E+07,0.44207E+05
,8,0.89692E+03,0.23423E-01,0.24505E+01,0.37126E+07,0.43420E+05
,9,0.88435E+03,0.13524E-01,0.19594E+01,0.39945E+07,0.42370E+05
,10,0.87753E+03,0.93379E-02,0.15815E+01,0.42464E+07,0.41159E+05
,11,0.87494E+03,0.79960E-02,0.13234E+01,0.44724E+07,0.39919E+05
,12,0.87644E+03,0.74730E-02,0.11758E+01,0.46756E+07,0.38725E+05
,13,0.88017E+03,0.69494E-02,0.11160E+01,0.48585E+07,0.37621E+05
,14,0.88536E+03,0.62037E-02,0.11222E+01,0.50231E+07,0.36585E+05
,15,0.89229E+03,0.55194E-02,0.11719E+01,0.51715E+07,0.35585E+05
,16,0.90124E+03,0.52384E-02,0.12441E+01,0.53052E+07,0.34590E+05
,17,0.91194E+03,0.54875E-02,0.13224E+01,0.54256E+07,0.33603E+05
,18,0.92330E+03,0.60999E-02,0.13952E+01,0.55339E+07,0.32633E+05
,19,0.93640E+03,0.67982E-02,0.14591E+01,0.56312E+07,0.31688E+05
,20,0.94980E+03,0.73914E-02,0.15110E+01,0.57188E+07,0.30776E+05
,21,0.96362E+03,0.78750E-02,0.15539E+01,0.57976E+07,0.29906E+05
,22,0.97792E+03,0.83860E-02,0.15895E+01,0.58683E+07,0.29075E+05
,23,0.99251E+03,0.90973E-02,0.16210E+01,0.59314E+07,0.28283E+05
,24,0.10075E+04,0.10126E-01,0.16525E+01,0.59872E+07,0.27525E+05
,25,0.10228E+04,0.11496E-01,0.16866E+01,0.60364E+07,0.26801E+05
,26,0.10384E+04,0.13163E-01,0.17268E+01,0.60793E+07,0.26108E+05
,27,0.10543E+04,0.15068E-01,0.17714E+01,0.61165E+07,0.25443E+05
,28,0.10705E+04,0.17179E-01,0.18188E+01,0.61485E+07,0.24804E+05
,29,0.10870E+04,0.19496E-01,0.18667E+01,0.61756E+07,0.24189E+05
,30,0.11039E+04,0.22029E-01,0.19113E+01,0.61985E+07,0.23595E+05
,31,0.11209E+04,0.24784E-01,0.19488E+01,0.62174E+07,0.23020E+05
,32,0.11382E+04,0.27745E-01,0.19762E+01,0.62328E+07,0.22463E+05
,33,0.11559E+04,0.30879E-01,0.19904E+01,0.62447E+07,0.21925E+05
,34,0.11739E+04,0.34171E-01,0.19895E+01,0.62533E+07,0.21404E+05
,35,0.11922E+04,0.37626E-01,0.19739E+01,0.62589E+07,0.20900E+05
,36,0.12106E+04,0.41266E-01,0.19439E+01,0.62616E+07,0.20412E+05
,37,0.12292E+04,0.45135E-01,0.19007E+01,0.62617E+07,0.19941E+05
,38,0.12481E+04,0.49279E-01,0.18475E+01,0.62592E+07,0.19485E+05
,39,0.12674E+04,0.53694E-01,0.17854E+01,0.62545E+07,0.19044E+05
,40,0.12867E+04,0.58375E-01,0.17148E+01,0.62476E+07,0.18618E+05
,41,0.13064E+04,0.63321E-01,0.16356E+01,0.62389E+07,0.18206E+05
,42,0.13260E+04,0.68546E-01,0.15474E+01,0.62283E+07,0.17808E+05
,43,0.13458E+04,0.74065E-01,0.14500E+01,0.62160E+07,0.17424E+05
,44,0.13656E+04,0.79879E-01,0.13437E+01,0.62021E+07,0.17052E+05
,45,0.13858E+04,0.85999E-01,0.12291E+01,0.61867E+07,0.16693E+05
,46,0.14063E+04,0.92433E-01,0.11043E+01,0.61698E+07,0.16347E+05
,47,0.14270E+04,0.99161E-01,0.96801E+00,0.61517E+07,0.16013E+05
,48,0.14478E+04,0.10616E+00,0.82140E+00,0.61323E+07,0.15691E+05
,49,0.14687E+04,0.11339E+00,0.66521E+00,0.61119E+07,0.15380E+05
,50,0.14900E+04,0.12080E+00,0.49334E+00,0.60904E+07,0.15080E+05
,51,0.15115E+04,0.12835E+00,0.29931E+00,0.60680E+07,0.14791E+05
,52,0.15333E+04,0.13614E+00,0.80678E-01,0.60447E+07,0.14512E+05
,53,0.15551E+04,0.14437E+00,-0.16216E+00,0.60206E+07,0.14242E+05
,54,0.15769E+04,0.15306E+00,-0.42083E+00,0.59958E+07,0.13982E+05
,55,0.15988E+04,0.16222E+00,-0.68683E+00,0.59702E+07,0.13731E+05
,56,0.16212E+04,0.17175E+00,-0.95882E+00,0.59439E+07,0.13488E+05
,57,0.16438E+04,0.18150E+00,-0.12377E+01,0.59170E+07,0.13252E+05
,58,0.16668E+04,0.19145E+00,-0.15262E+01,0.58895E+07,0.13024E+05
,59,0.16900E+04,0.20158E+00,-0.18271E+01,0.58615E+07,0.12802E+05
,60,0.17133E+04,0.21193E+00,-0.21416E+01,0.58330E+07,0.12586E+05
,61,0.17372E+04,0.22256E+00,-0.24705E+01,0.58040E+07,0.12376E+05
,62,0.17609E+04,0.23347E+00,-0.28149E+01,0.57747E+07,0.12171E+05
,63,0.17848E+04,0.24466E+00,-0.31756E+01,0.57449E+07,0.11972E+05
,64,0.18090E+04,0.25619E+00,-0.35534E+01,0.57148E+07,0.11776E+05
,65,0.18333E+04,0.26806E+00,-0.39489E+01,0.56844E+07,0.11585E+05
,66,0.18579E+04,0.28022E+00,-0.43598E+01,0.56537E+07,0.11397E+05
,67,0.18827E+04,0.29268E+00,-0.47829E+01,0.56228E+07,0.11213E+05
,68,0.19079E+04,0.30544E+00,-0.52162E+01,0.55917E+07,0.11031E+05
,69,0.19333E+04,0.31845E+00,-0.56574E+01,0.55604E+07,0.10852E+05
,70,0.19592E+04,0.33171E+00,-0.61077E+01,0.55289E+07,0.10675E+05
,71,0.19852E+04,0.34521E+00,-0.65692E+01,0.54974E+07,0.10500E+05
,72,0.20115E+04,0.35893E+00,-0.70439E+01,0.54657E+07,0.10328E+05
,73,0.20379E+04,0.37285E+00,-0.75333E+01,0.54340E+07,0.10158E+05
,74,0.20645E+04,0.38698E+00,-0.80373E+01,0.54022E+07,0.99906E+04
,75,0.20914E+04,0.40134E+00,-0.85551E+01,0.53704E+07,0.98272E+04
,76,0.21183E+04,0.41595E+00,-0.90869E+01,0.53385E+07,0.96679E+04
,77,0.21456E+04,0.43078E+00,-0.96319E+01,0.53065E+07,0.95132E+04
,78,0.21731E+04,0.44585E+00,-0.10191E+02,0.52746E+07,0.93634E+04
,79,0.22008E+04,0.46110E+00,-0.10760E+02,0.52426E+07,0.92191E+04
,80,0.22289E+04,0.47651E+00,-0.11339E+02,0.52106E+07,0.90808E+04
,81,0.22572E+04,0.49202E+00,-0.11928E+02,0.51786E+07,0.89487E+04
,82,0.22858E+04,0.50765E+00,-0.12527E+02,0.51467E+07,0.88225E+04
,83,0.23147E+04,0.52336E+00,-0.13134E+02,0.51148E+07,0.87016E+04
,84,0.23439E+04,0.53915E+00,-0.13749E+02,0.50829E+07,0.85855E+04
,85,0.23732E+04,0.55500E+00,-0.14372E+02,0.50511E+07,0.84737E+04
,86,0.24028E+04,0.57090E+00,-0.15003E+02,0.50193E+07,0.83657E+04
,87,0.24328E+04,0.58683E+00,-0.15640E+02,0.49877E+07,0.82609E+04
,88,0.24629E+04,0.60279E+00,-0.16283E+02,0.49561E+07,0.81589E+04
,89,0.24933E+04,0.61876E+00,-0.16933E+02,0.49247E+07,0.80589E+04
,90,0.25240E+04,0.63470E+00,-0.17586E+02,0.48933E+07,0.79607E+04
,91,0.25548E+04,0.65059E+00,-0.18245E+02,0.48621E+07,0.78636E+04
,92,0.25859E+04,0.66642E+00,-0.18906E+02,0.48311E+07,0.77677E+04
,93,0.26173E+04,0.68219E+00,-0.19572E+02,0.48002E+07,0.76729E+04
,94,0.26488E+04,0.69785E+00,-0.20240E+02,0.47694E+07,0.75792E+04
,95,0.26806E+04,0.71342E+00,-0.20911E+02,0.47388E+07,0.74867E+04
,96,0.27123E+04,0.72888E+00,-0.21585E+02,0.47083E+07,0.73953E+04
,97,0.27446E+04,0.74422E+00,-0.22261E+02,0.46780E+07,0.73051E+04
,98,0.27770E+04,0.75944E+00,-0.22936E+02,0.46478E+07,0.72160E+04
,99,0.28095E+04,0.77449E+00,-0.23615E+02,0.46178E+07,0.71281E+04
,100,0.28424E+04,0.78939E+00,-0.24291E+02,0.45879E+07,0.70414E+04
,101,0.28753E+04,0.80418E+00,-0.24970E+02,0.45582E+07,0.69558E+04
,102,0.29089E+04,0.81874E+00,-0.25648E+02,0.45287E+07,0.68715E+04
,103,0.29423E+04,0.83313E+00,-0.26327E+02,0.44994E+07,0.67883E+04
,104,0.29760E+04,0.84736E+00,-0.27002E+02,0.44702E+07,0.67063E+04
,105,0.30098E+04,0.86136E+00,-0.27677E+02,0.44412E+07,0.66256E+04
,106,0.30439E+04,0.87520E+00,-0.28351E+02,0.44124E+07,0.65460E+04
,107,0.30778E+04,0.88873E+00,-0.29021E+02,0.43837E+07,0.64677E+04
,108,0.31122E+04,0.90204E+00,-0.29689E+02,0.43553E+07,0.63906E+04
,109,0.31467E+04,0.91505E+00,-0.30354E+02,0.43270E+07,0.63147E+04
,110,0.31814E+04,0.92777E+00,-0.31014E+02,0.42989E+07,0.62400E+04
,111,0.32161E+04,0.94026E+00,-0.31671E+02,0.42710E+07,0.61667E+04
,112,0.32511E+04,0.95247E+00,-0.32324E+02,0.42434E+07,0.60945E+04
,113,0.32862E+04,0.96437E+00,-0.32970E+02,0.42159E+07,0.60235E+04
,114,0.33215E+04,0.97591E+00,-0.33611E+02,0.41885E+07,0.59538E+04
,115,0.33569E+04,0.98722E+00,-0.34244E+02,0.41614E+07,0.58852E+04
,116,0.33924E+04,0.99809E+00,-0.34870E+02,0.41345E+07,0.58179E+04
,117,0.34282E+04,0.10086E+01,-0.35488E+02,0.41078E+07,0.57517E+04
,118,0.34641E+04,0.10188E+01,-0.36098E+02,0.40813E+07,0.56867E+04
,119,0.35000E+04,0.10287E+01,-0.36699E+02,0.40549E+07,0.56228E+04
,120,0.35361E+04,0.10381E+01,-0.37289E+02,0.40288E+07,0.55600E+04
,121,0.35721E+04,0.10472E+01,-0.37868E+02,0.40029E+07,0.54984E+04
,122,0.36083E+04,0.10558E+01,-0.38437E+02,0.39771E+07,0.54378E+04
,123,0.36444E+04,0.10640E+01,-0.38995E+02,0.39516E+07,0.53784E+04
,124,0.36807E+04,0.10717E+01,-0.39538E+02,0.39262E+07,0.53201E+04
,125,0.37169E+04,0.10790E+01,-0.40069E+02,0.39010E+07,0.52628E+04
,126,0.37533E+04,0.10859E+01,-0.40587E+02,0.38761E+07,0.52066E+04
,127,0.37896E+04,0.10923E+01,-0.41092E+02,0.38513E+07,0.51514E+04
,128,0.38258E+04,0.10983E+01,-0.41582E+02,0.38267E+07,0.50972E+04
,129,0.38622E+04,0.11038E+01,-0.42056E+02,0.38024E+07,0.50441E+04
,130,0.38985E+04,0.11087E+01,-0.42514E+02,0.37782E+07,0.49920E+04
,131,0.39348E+04,0.11132E+01,-0.42958E+02,0.37542E+07,0.49409E+04
,132,0.39711E+04,0.11172E+01,-0.43383E+02,0.37304E+07,0.48908E+04
,133,0.40074E+04,0.11207E+01,-0.43792E+02,0.37068E+07,0.48416E+04
,134,0.40436E+04,0.11238E+01,-0.44182E+02,0.36834E+07,0.47933E+04
,135,0.40799E+04,0.11263E+01,-0.44554E+02,0.36602E+07,0.47458E+04
,136,0.41159E+04,0.11283E+01,-0.44906E+02,0.36372E+07,0.46993E+04
,137,0.41520E+04,0.11298E+01,-0.45239E+02,0.36144E+07,0.46535E+04
,138,0.41879E+04,0.11307E+01,-0.45552E+02,0.35917E+07,0.46086E+04
,139,0.42237E+04,0.11313E+01,-0.45844E+02,0.35693E+07,0.45644E+04
,140,0.42594E+04,0.11313E+01,-0.46116E+02,0.35470E+07,0.45209E+04
,141,0.42950E+04,0.11307E+01,-0.46366E+02,0.35249E+07,0.44782E+04
,142,0.43305E+04,0.11297E+01,-0.46594E+02,0.35030E+07,0.44361E+04
,143,0.43659E+04,0.11282E+01,-0.46801E+02,0.34813E+07,0.43947E+04
,144,0.44012E+04,0.11261E+01,-0.46986E+02,0.34598E+07,0.43538E+04
,145,0.44362E+04,0.11237E+01,-0.47148E+02,0.34384E+07,0.43136E+04
,146,0.44713E+04,0.11207E+01,-0.47286E+02,0.34172E+07,0.42739E+04
,147,0.45060E+04,0.11172E+01,-0.47400E+02,0.33962E+07,0.42348E+04
,148,0.45406E+04,0.11133E+01,-0.47492E+02,0.33754E+07,0.41962E+04
,149,0.45751E+04,0.11088E+01,-0.47559E+02,0.33547E+07,0.41580E+04
,150,0.46093E+04,0.11040E+01,-0.47599E+02,0.33342E+07,0.41202E+04
,151,0.46433E+04,0.10987E+01,-0.47616E+02,0.33139E+07,0.40829E+04
,152,0.46770E+04,0.10929E+01,-0.47607E+02,0.32938E+07,0.40460E+04
,153,0.47106E+04,0.10867E+01,-0.47571E+02,0.32738E+07,0.40095E+04
,154,0.47439E+04,0.10801E+01,-0.47510E+02,0.32540E+07,0.39734E+04
,155,0.47770E+04,0.10731E+01,-0.47423E+02,0.32344E+07,0.39377E+04
,156,0.48098E+04,0.10658E+01,-0.47310E+02,0.32149E+07,0.39023E+04
,157,0.48424E+04,0.10580E+01,-0.47170E+02,0.31956E+07,0.38674E+04
,158,0.48747E+04,0.10500E+01,-0.47003E+02,0.31765E+07,0.38328E+04
,159,0.49067E+04,0.10415E+01,-0.46809E+02,0.31575E+07,0.37986E+04
,160,0.49384E+04,0.10327E+01,-0.46587E+02,0.31387E+07,0.37648E+04
,161,0.49699E+04,0.10237E+01,-0.46338E+02,0.31200E+07,0.37313E+04
,162,0.50011E+04,0.10143E+01,-0.46063E+02,0.31015E+07,0.36982E+04
,163,0.50321E+04,0.10046E+01,-0.45760E+02,0.30832E+07,0.36655E+04
,164,0.50626E+04,0.99469E+00,-0.45429E+02,0.30650E+07,0.36331E+04
,165,0.50930E+04,0.98447E+00,-0.45070E+02,0.30470E+07,0.36010E+04
,166,0.51230E+04,0.97412E+00,-0.44683E+02,0.30291E+07,0.35693E+04
,167,0.51528E+04,0.96339E+00,-0.44270E+02,0.30114E+07,0.35380E+04
,168,0.51821E+04,0.95268E+00,-0.43827E+02,0.29938E+07,0.35069E+04
,169,0.52111E+04,0.94167E+00,-0.43356E+02,0.29764E+07,0.34762E+04
,170,0.52397E+04,0.93060E+00,-0.42857E+02,0.29591E+07,0.34458E+04
,171,0.52679E+04,0.91946E+00,-0.42328E+02,0.29420E+07,0.34158E+04
,172,0.52957E+04,0.90819E+00,-0.41771E+02,0.29251E+07,0.33860E+04
,173,0.53229E+04,0.89678E+00,-0.41185E+02,0.29082E+07,0.33566E+04
,174,0.53499E+04,0.88554E+00,-0.40571E+02,0.28916E+07,0.33274E+04
,175,0.53764E+04,0.87416E+00,-0.39929E+02,0.28750E+07,0.32986E+04
,176,0.54023E+04,0.86288E+00,-0.39257E+02,0.28586E+07,0.32701E+04
,177,0.54279E+04,0.85161E+00,-0.38557E+02,0.28424E+07,0.32418E+04
,178,0.54529E+04,0.84059E+00,-0.37829E+02,0.28263E+07,0.32138E+04
,179,0.54775E+04,0.82951E+00,-0.37071E+02,0.28103E+07,0.31862E+04
,180,0.55017E+04,0.81861E+00,-0.36286E+02,0.27945E+07,0.31587E+04
,181,0.55254E+04,0.80788E+00,-0.35474E+02,0.27788E+07,0.31316E+04
,182,0.55485E+04,0.79740E+00,-0.34632E+02,0.27632E+07,0.31047E+04
,183,0.55711E+04,0.78710E+00,-0.33763E+02,0.27478E+07,0.30781E+04
,184,0.55933E+04,0.77705E+00,-0.32865E+02,0.27325E+07,0.30517E+04
,185,0.56150E+04,0.76741E+00,-0.31942E+02,0.27173E+07,0.30256E+04
,186,0.56359E+04,0.75802E+00,-0.30990E+02,0.27023E+07,0.29997E+04
,187,0.56566E+04,0.74905E+00,-0.30010E+02,0.26874E+07,0.29741E+04
,188,0.56767E+04,0.74046E+00,-0.29004E+02,0.26726E+07,0.29487E+04
,189,0.56961E+04,0.73231E+00,-0.27971E+02,0.26580E+07,0.29235E+04
,190,0.57154E+04,0.72464E+00,-0.26912E+02,0.26434E+07,0.28986E+04
,191,0.57337E+04,0.71748E+00,-0.25826E+02,0.26290E+07,0.28738E+04
,192,0.57517E+04,0.71086E+00,-0.24713E+02,0.26147E+07,0.28493E+04
,193,0.57690E+04,0.70481E+00,-0.23576E+02,0.26006E+07,0.28250E+04
,194,0.57858E+04,0.69937E+00,-0.22412E+02,0.25865E+07,0.28009E+04
,195,0.58021E+04,0.69458E+00,-0.21224E+02,0.25726E+07,0.27770E+04
,196,0.58177E+04,0.69048E+00,-0.20011E+02,0.25588E+07,0.27532E+04
,197,0.58328E+04,0.68711E+00,-0.18774E+02,0.25451E+07,0.27297E+04
,198,0.58474E+04,0.68450E+00,-0.17513E+02,0.25315E+07,0.27063E+04
,199,0.58614E+04,0.68269E+00,-0.16228E+02,0.25180E+07,0.26832E+04
,200,0.58749E+04,0.68170E+00,-0.14920E+02,0.25046E+07,0.26602E+04
,201,0.58877E+04,0.68160E+00,-0.13589E+02,0.24914E+07,0.26373E+04
,202,0.58999E+04,0.68240E+00,-0.12235E+02,0.24782E+07,0.26146E+04
,203,0.59116E+04,0.68415E+00,-0.10859E+02,0.24652E+07,0.25921E+04
,204,0.59225E+04,0.68689E+00,-0.94625E+01,0.24522E+07,0.25698E+04
,205,0.59328E+04,0.69066E+00,-0.80444E+01,0.24394E+07,0.25476E+04
,206,0.59425E+04,0.69549E+00,-0.66057E+01,0.24267E+07,0.25255E+04
,207,0.59516E+04,0.70141E+00,-0.51468E+01,0.24140E+07,0.25037E+04
,208,0.59599E+04,0.70848E+00,-0.36682E+01,0.24015E+07,0.24820E+04
,209,0.59676E+04,0.71672E+00,-0.21705E+01,0.23891E+07,0.24605E+04
,210,0.59746E+04,0.72617E+00,-0.65445E+00,0.23768E+07,0.24391E+04
,211,0.59810E+04,0.73688E+00,0.87974E+00,0.23646E+07,0.24179E+04
,212,0.59866E+04,0.74887E+00,0.24311E+01,0.23524E+07,0.23969E+04
,213,0.59917E+04,0.76220E+00,0.39997E+01,0.23404E+07,0.23760E+04
,214,0.59960E+04,0.77684E+00,0.55843E+01,0.23285E+07,0.23553E+04
,215,0.59998E+04,0.79300E+00,0.71840E+01,0.23166E+07,0.23348E+04
,216,0.60028E+04,0.81050E+00,0.87994E+01,0.23049E+07,0.23144E+04
,217,0.60052E+04,0.82949E+00,0.10428E+02,0.22933E+07,0.22942E+04
,218,0.60070E+04,0.84997E+00,0.12071E+02,0.22817E+07,0.22742E+04
,219,0.60081E+04,0.87195E+00,0.13729E+02,0.22702E+07,0.22543E+04
,220,0.60086E+04,0.89557E+00,0.15396E+02,0.22589E+07,0.22346E+04
,221,0.60084E+04,0.92077E+00,0.17076E+02,0.22476E+07,0.22150E+04
,222,0.60076E+04,0.94768E+00,0.18767E+02,0.22364E+07,0.21956E+04
,223,0.60060E+04,0.97625E+00,0.20470E+02,0.22253E+07,0.21764E+04
,224,0.60040E+04,0.10065E+01,0.22180E+02,0.22143E+07,0.21574E+04
,225,0.60012E+04,0.10385E+01,0.23901E+02,0.22034E+07,0.21385E+04
,226,0.59978E+04,0.10723E+01,0.25630E+02,0.21926E+07,0.21197E+04
,227,0.59937E+04,0.11079E+01,0.27366E+02,0.21818E+07,0.21012E+04
,228,0.59890E+04,0.11453E+01,0.29110E+02,0.21711E+07,0.20828E+04
,229,0.59837E+04,0.11846E+01,0.30859E+02,0.21605E+07,0.20645E+04
,230,0.59777E+04,0.12258E+01,0.32613E+02,0.21500E+07,0.20465E+04
,231,0.59709E+04,0.12690E+01,0.34374E+02,0.21396E+07,0.20286E+04
,232,0.59636E+04,0.13140E+01,0.36138E+02,0.21293E+07,0.20108E+04
,233,0.59557E+04,0.13612E+01,0.37904E+02,0.21190E+07,0.19933E+04
,234,0.59470E+04,0.14103E+01,0.39673E+02,0.21088E+07,0.19758E+04
,235,0.59377E+04,0.14614E+01,0.41444E+02,0.20987E+07,0.19586E+04
,236,0.59277E+04,0.15146E+01,0.43216E+02,0.20887E+07,0.19415E+04
,237,0.59171E+04,0.15699E+01,0.44988E+02,0.20788E+07,0.19246E+04
,238,0.59059E+04,0.16274E+01,0.46760E+02,0.20689E+07,0.19078E+04
,239,0.58940E+04,0.16869E+01,0.48531E+02,0.20591E+07,0.18912E+04
,240,0.58814E+04,0.17486E+01,0.50298E+02,0.20494E+07,0.18748E+04
,241,0.58683E+04,0.18125E+01,0.52063E+02,0.20397E+07,0.18585E+04
,242,0.58546E+04,0.18785E+01,0.53825E+02,0.20301E+07,0.18424E+04
,243,0.58403E+04,0.19469E+01,0.55582E+02,0.20206E+07,0.18265E+04
,244,0.58253E+04,0.20174E+01,0.57335E+02,0.20112E+07,0.18107E+04
,245,0.58096E+04,0.20902E+01,0.59081E+02,0.20018E+07,0.17951E+04
,246,0.57934E+04,0.21653E+01,0.60820E+02,0.19925E+07,0.17797E+04
,247,0.57767E+04,0.22425E+01,0.62552E+02,0.19833E+07,0.17644E+04
,248,0.57593E+04,0.23224E+01,0.64276E+02,0.19741E+07,0.17493E+04
,249,0.57414E+04,0.24043E+01,0.65992E+02,0.19650E+07,0.17343E+04
,250,0.57229E+04,0.24887E+01,0.67696E+02,0.19559E+07,0.17195E+04
,251,0.57039E+04,0.25754E+01,0.69392E+02,0.19470E+07,0.17049E+04
,252,0.56842E+04,0.26644E+01,0.71076E+02,0.19381E+07,0.16905E+04
,253,0.56641E+04,0.27557E+01,0.72747E+02,0.19292E+07,0.16761E+04
,254,0.56434E+04,0.28495E+01,0.74406E+02,0.19204E+07,0.16620E+04
,255,0.56222E+04,0.29455E+01,0.76052E+02,0.19117E+07,0.16480E+04
,256,0.56005E+04,0.30440E+01,0.77685E+02,0.19030E+07,0.16342E+04
,257,0.55782E+04,0.31447E+01,0.79297E+02,0.18944E+07,0.16205E+04
,258,0.55555E+04,0.32479E+01,0.80901E+02,0.18859E+07,0.16069E+04
,259,0.55322E+04,0.33535E+01,0.82482E+02,0.18774E+07,0.15935E+04
,260,0.55086E+04,0.34614E+01,0.84054E+02,0.18690E+07,0.15803E+04
,261,0.54844E+04,0.35715E+01,0.85596E+02,0.18606E+07,0.15672E+04
,262,0.54596E+04,0.36842E+01,0.87129E+02,0.18523E+07,0.15542E+04
,263,0.54346E+04,0.37991E+01,0.88646E+02,0.18440E+07,0.15413E+04
,264,0.54091E+04,0.39164E+01,0.90140E+02,0.18358E+07,0.15286E+04
,265,0.53829E+04,0.40360E+01,0.91603E+02,0.18277E+07,0.15161E+04
,266,0.53565E+04,0.41580E+01,0.93057E+02,0.18196E+07,0.15036E+04
,267,0.53295E+04,0.42822E+01,0.94480E+02,0.18116E+07,0.14913E+04
,268,0.53021E+04,0.44088E+01,0.95888E+02,0.18036E+07,0.14791E+04
,269,0.52741E+04,0.45377E+01,0.97271E+02,0.17957E+07,0.14670E+04
,270,0.52459E+04,0.46688E+01,0.98632E+02,0.17878E+07,0.14551E+04
,271,0.52172E+04,0.48021E+01,0.99968E+02,0.17800E+07,0.14433E+04
,272,0.51883E+04,0.49379E+01,0.10127E+03,0.17722E+07,0.14316E+04
,273,0.51589E+04,0.50755E+01,0.10256E+03,0.17645E+07,0.14200E+04
,274,0.51292E+04,0.52157E+01,0.10381E+03,0.17569E+07,0.14085E+04
,275,0.50991E+04,0.53578E+01,0.10505E+03,0.17493E+07,0.13971E+04
,276,0.50687E+04,0.55021E+01,0.10624E+03,0.17417E+07,0.13858E+04
,277,0.50379E+04,0.56486E+01,0.10742E+03,0.17342E+07,0.13747E+04
,278,0.50068E+04,0.57972E+01,0.10856E+03,0.17268E+07,0.13636E+04
,279,0.49755E+04,0.59478E+01,0.10967E+03,0.17194E+07,0.13526E+04
,280,0.49438E+04,0.61005E+01,0.11077E+03,0.17120E+07,0.13418E+04
,281,0.49119E+04,0.62553E+01,0.11182E+03,0.17047E+07,0.13310E+04
,282,0.48795E+04,0.64118E+01,0.11284E+03,0.16975E+07,0.13203E+04
,283,0.48470E+04,0.65705E+01,0.11383E+03,0.16903E+07,0.13098E+04
,284,0.48143E+04,0.67310E+01,0.11479E+03,0.16831E+07,0.12993E+04
,285,0.47813E+04,0.68935E+01,0.11572E+03,0.16760E+07,0.12889E+04
,286,0.47480E+04,0.70578E+01,0.11661E+03,0.16689E+07,0.12785E+04
,287,0.47145E+04,0.72239E+01,0.11748E+03,0.16619E+07,0.12683E+04
,288,0.46808E+04,0.73918E+01,0.11830E+03,0.16549E+07,0.12581E+04
,289,0.46469E+04,0.75615E+01,0.11910E+03,0.16480E+07,0.12481E+04
,290,0.46128E+04,0.77327E+01,0.11986E+03,0.16411E+07,0.12380E+04
,291,0.45785E+04,0.79062E+01,0.12058E+03,0.16342E+07,0.12281E+04
,292,0.45438E+04,0.80809E+01,0.12127E+03,0.16274E+07,0.12183E+04
,293,0.45092E+04,0.82565E+01,0.12191E+03,0.16207E+07,0.12085E+04
,294,0.44744E+04,0.84344E+01,0.12253E+03,0.16140E+07,0.11987E+04
,295,0.44396E+04,0.86131E+01,0.12311E+03,0.16073E+07,0.11891E+04
,296,0.44044E+04,0.87941E+01,0.12365E+03,0.16007E+07,0.11795E+04
,297,0.43693E+04,0.89752E+01,0.12416E+03,0.15941E+07,0.11699E+04
,298,0.43338E+04,0.91586E+01,0.12463E+03,0.15875E+07,0.11604E+04
,299,0.42984E+04,0.93436E+01,0.12505E+03,0.15810E+07,0.11510E+04
,300,0.42628E+04,0.95286E+01,0.12544E+03,0.15745E+07,0.11416E+04
,301,0.42272E+04,0.97152E+01,0.12579E+03,0.15681E+07,0.11323E+04
,302,0.41915E+04,0.99026E+01,0.12611E+03,0.15617E+07,0.11230E+04
,303,0.41558E+04,0.10092E+02,0.12639E+03,0.15553E+07,0.11138E+04
,304,0.41199E+04,0.10282E+02,0.12661E+03,0.15490E+07,0.11046E+04
,305,0.40841E+04,0.10473E+02,0.12681E+03,0.15427E+07,0.10955E+04
,306,0.40482E+04,0.10664E+02,0.12697E+03,0.15365E+07,0.10864E+04
,307,0.40123E+04,0.10856E+02,0.12708E+03,0.15302E+07,0.10774E+04
,308,0.39764E+04,0.11051E+02,0.12716E+03,0.15241E+07,0.10684E+04
,309,0.39406E+04,0.11245E+02,0.12719E+03,0.15179E+07,0.10595E+04
,310,0.39047E+04,0.11438E+02,0.12719E+03,0.15118E+07,0.10506E+04
,311,0.38689E+04,0.11634E+02,0.12714E+03,0.15058E+07,0.10417E+04
,312,0.38332E+04,0.11830E+02,0.12706E+03,0.14997E+07,0.10329E+04
,313,0.37974E+04,0.12026E+02,0.12694E+03,0.14937E+07,0.10242E+04
,314,0.37618E+04,0.12223E+02,0.12678E+03,0.14878E+07,0.10154E+04
,315,0.37262E+04,0.12419E+02,0.12657E+03,0.14819E+07,0.10068E+04
,316,0.36907E+04,0.12616E+02,0.12633E+03,0.14760E+07,0.99812E+03
,317,0.36552E+04,0.12812E+02,0.12604E+03,0.14701E+07,0.98952E+03
,318,0.36199E+04,0.13010E+02,0.12572E+03,0.14643E+07,0.98096E+03
,319,0.35847E+04,0.13207E+02,0.12536E+03,0.14585E+07,0.97244E+03
,320,0.35497E+04,0.13404E+02,0.12496E+03,0.14527E+07,0.96397E+03
,321,0.35147E+04,0.13602E+02,0.12452E+03,0.14470E+07,0.95552E+03
,322,0.34799E+04,0.13798E+02,0.12404E+03,0.14413E+07,0.94712E+03
,323,0.34453E+04,0.13994E+02,0.12352E+03,0.14357E+07,0.93875E+03
,324,0.34108E+04,0.14191E+02,0.12295E+03,0.14300E+07,0.93042E+03
,325,0.33765E+04,0.14385E+02,0.12236E+03,0.14244E+07,0.92213E+03
,326,0.33424E+04,0.14581E+02,0.12171E+03,0.14189E+07,0.91387E+03
,327,0.33084E+04,0.14775E+02,0.12104E+03,0.14133E+07,0.90565E+03
,328,0.32747E+04,0.14968E+02,0.12033E+03,0.14078E+07,0.89745E+03
,329,0.32412E+04,0.15161E+02,0.11957E+03,0.14024E+07,0.88930E+03
,330,0.32079E+04,0.15353E+02,0.11877E+03,0.13969E+07,0.88117E+03
,331,0.31749E+04,0.15544E+02,0.11795E+03,0.13915E+07,0.87308E+03
,332,0.31420E+04,0.15735E+02,0.11709E+03,0.13861E+07,0.86502E+03
,333,0.31094E+04,0.15924E+02,0.11619E+03,0.13808E+07,0.85699E+03
,334,0.30771E+04,0.16112E+02,0.11525E+03,0.13755E+07,0.84899E+03
,335,0.30450E+04,0.16298E+02,0.11427E+03,0.13702E+07,0.84101E+03
,336,0.30132E+04,0.16484E+02,0.11326E+03,0.13649E+07,0.83307E+03
,337,0.29817E+04,0.16668E+02,0.11221E+03,0.13597E+07,0.82516E+03
,338,0.29504E+04,0.16850E+02,0.11113E+03,0.13545E+07,0.81727E+03
,339,0.29195E+04,0.17032E+02,0.11001E+03,0.13493E+07,0.80941E+03
,340,0.28889E+04,0.17212E+02,0.10886E+03,0.13441E+07,0.80158E+03
,341,0.28585E+04,0.17390E+02,0.10767E+03,0.13390E+07,0.79377E+03
,342,0.28285E+04,0.17567E+02,0.10645E+03,0.13339E+07,0.78599E+03
,343,0.27988E+04,0.17742E+02,0.10520E+03,0.13289E+07,0.77823E+03
,344,0.27695E+04,0.17914E+02,0.10391E+03,0.13238E+07,0.77050E+03
,345,0.27404E+04,0.18085E+02,0.10259E+03,0.13188E+07,0.76279E+03
,346,0.27118E+04,0.18255E+02,0.10125E+03,0.13138E+07,0.75510E+03
,347,0.26834E+04,0.18421E+02,0.99867E+02,0.13088E+07,0.74744E+03
,348,0.26555E+04,0.18585E+02,0.98453E+02,0.13039E+07,0.73979E+03
,349,0.26278E+04,0.18748E+02,0.97007E+02,0.12990E+07,0.73217E+03
,350,0.26006E+04,0.18907E+02,0.95537E+02,0.12941E+07,0.72456E+03
,351,0.25739E+04,0.19065E+02,0.94036E+02,0.12892E+07,0.71698E+03
,352,0.25473E+04,0.19221E+02,0.92502E+02,0.12844E+07,0.70942E+03
,353,0.25213E+04,0.19373E+02,0.90951E+02,0.12796E+07,0.70188E+03
,354,0.24955E+04,0.19523E+02,0.89362E+02,0.12748E+07,0.69436E+03
,355,0.24703E+04,0.19671E+02,0.87748E+02,0.12700E+07,0.68686E+03
,356,0.24454E+04,0.19816E+02,0.86117E+02,0.12653E+07,0.67939E+03
,357,0.24209E+04,0.19959E+02,0.84455E+02,0.12606E+07,0.67194E+03
,358,0.23969E+04,0.20097E+02,0.82777E+02,0.12559E+07,0.66451E+03
,359,0.23732E+04,0.20233E+02,0.81066E+02,0.12512E+07,0.65712E+03
,360,0.23500E+04,0.20367E+02,0.79336E+02,0.12466E+07,0.64975E+03
,361,0.23272E+04,0.20497E+02,0.77581E+02,0.12419E+07,0.64241E+03
,362,0.23048E+04,0.20625E+02,0.75804E+02,0.12373E+07,0.63509E+03
,363,0.22828E+04,0.20750E+02,0.74008E+02,0.12328E+07,0.62781E+03
,364,0.22613E+04,0.20870E+02,0.72189E+02,0.12282E+07,0.62056E+03
,365,0.22403E+04,0.20988E+02,0.70352E+02,0.12237E+07,0.61334E+03
,366,0.22196E+04,0.21103E+02,0.68496E+02,0.12192E+07,0.60615E+03
,367,0.21995E+04,0.21214E+02,0.66622E+02,0.12147E+07,0.59900E+03
,368,0.21796E+04,0.21322E+02,0.64732E+02,0.12102E+07,0.59187E+03
,369,0.21604E+04,0.21426E+02,0.62823E+02,0.12058E+07,0.58479E+03
,370,0.21416E+04,0.21527E+02,0.60901E+02,0.12013E+07,0.57774E+03
,371,0.21232E+04,0.21624E+02,0.58963E+02,0.11969E+07,0.57072E+03
,372,0.21053E+04,0.21718E+02,0.57012E+02,0.11926E+07,0.56375E+03
,373,0.20878E+04,0.21808E+02,0.55046E+02,0.11882E+07,0.55681E+03
,374,0.20708E+04,0.21895E+02,0.53069E+02,0.11839E+07,0.54991E+03
,375,0.20542E+04,0.21978E+02,0.51080E+02,0.11796E+07,0.54305E+03
,376,0.20381E+04,0.22058E+02,0.49080E+02,0.11753E+07,0.53624E+03
,377,0.20225E+04,0.22133E+02,0.47071E+02,0.11710E+07,0.52946E+03
,378,0.20074E+04,0.22204E+02,0.45052E+02,0.11667E+07,0.52273E+03
,379,0.19926E+04,0.22272E+02,0.43025E+02,0.11625E+07,0.51604E+03
,380,0.19785E+04,0.22337E+02,0.40990E+02,0.11583E+07,0.50939E+03
,381,0.19647E+04,0.22395E+02,0.38948E+02,0.11541E+07,0.50279E+03
,382,0.19513E+04,0.22452E+02,0.36902E+02,0.11499E+07,0.49623E+03
,383,0.19385E+04,0.22503E+02,0.34849E+02,0.11458E+07,0.48973E+03
,384,0.19262E+04,0.22550E+02,0.32793E+02,0.11417E+07,0.48327E+03
,385,0.19143E+04,0.22595E+02,0.30733E+02,0.11376E+07,0.47686E+03
,386,0.19029E+04,0.22635E+02,0.28670E+02,0.11335E+07,0.47049E+03
,387,0.18919E+04,0.22670E+02,0.26606E+02,0.11294E+07,0.46418E+03
,388,0.18814E+04,0.22702E+02,0.24542E+02,0.11253E+07,0.45792E+03
,389,0.18713E+04,0.22727E+02,0.22477E+02,0.11213E+07,0.45171E+03
,390,0.18617E+04,0.22751E+02,0.20414E+02,0.11173E+07,0.44556E+03
,391,0.18526E+04,0.22770E+02,0.18352E+02,0.11133E+07,0.43945E+03
,392,0.18439E+04,0.22786E+02,0.16293E+02,0.11093E+07,0.43341E+03
,393,0.18357E+04,0.22797E+02,0.14237E+02,0.11054E+07,0.42741E+03
,394,0.18280E+04,0.22805E+02,0.12186E+02,0.11014E+07,0.42148E+03
,395,0.18206E+04,0.22807E+02,0.10138E+02,0.10975E+07,0.41560E+03
,396,0.18138E+04,0.22805E+02,0.80981E+01,0.10936E+07,0.40978E+03
,397,0.18073E+04,0.22800E+02,0.60640E+01,0.10897E+07,0.40402E+03
,398,0.18014E+04,0.22790E+02,0.40371E+01,0.10858E+07,0.39831E+03
,399,0.17959E+04,0.22776E+02,0.20186E+01,0.10820E+07,0.39267E+03
,400,0.17907E+04,0.22757E+02,0.91616E-02,0.10781E+07,0.38709E+03
,401,0.17861E+04,0.22735E+02,-0.19904E+01,0.10743E+07,0.38157E+03
,402,0.17819E+04,0.22707E+02,-0.39791E+01,0.10705E+07,0.37611E+03
,403,0.17781E+04,0.22677E+02,-0.59565E+01,0.10667E+07,0.37071E+03
,404,0.17748E+04,0.22641E+02,-0.79208E+01,0.10630E+07,0.36538E+03
,405,0.17718E+04,0.22601E+02,-0.98728E+01,0.10592E+07,0.36009E+03
,406,0.17693E+04,0.22558E+02,-0.11810E+02,0.10555E+07,0.35487E+03
,407,0.17672E+04,0.22510E+02,-0.13735E+02,0.10518E+07,0.34970E+03
,408,0.17655E+04,0.22458E+02,-0.15642E+02,0.10481E+07,0.34458E+03
,409,0.17642E+04,0.22403E+02,-0.17533E+02,0.10444E+07,0.33952E+03
,410,0.17633E+04,0.22342E+02,-0.19409E+02,0.10407E+07,0.33451E+03
,411,0.17629E+04,0.22279E+02,-0.21265E+02,0.10371E+07,0.32955E+03
,412,0.17628E+04,0.22211E+02,-0.23105E+02,0.10335E+07,0.32463E+03
,413,0.17631E+04,0.22139E+02,-0.24924E+02,0.10299E+07,0.31977E+03
,414,0.17637E+04,0.22064E+02,-0.26725E+02,0.10263E+07,0.31496E+03
,415,0.17648E+04,0.21985E+02,-0.28504E+02,0.10227E+07,0.31018E+03
,416,0.17662E+04,0.21902E+02,-0.30263E+02,0.10191E+07,0.30546E+03
,417,0.17679E+04,0.21815E+02,-0.32001E+02,0.10156E+07,0.30078E+03
,418,0.17700E+04,0.21723E+02,-0.33715E+02,0.10120E+07,0.29614E+03
,419,0.17725E+04,0.21629E+02,-0.35406E+02,0.10085E+07,0.29154E+03
,420,0.17754E+04,0.21531E+02,-0.37073E+02,0.10050E+07,0.28698E+03
,421,0.17786E+04,0.21430E+02,-0.38716E+02,0.10015E+07,0.28246E+03
,422,0.17822E+04,0.21324E+02,-0.40335E+02,0.99805E+06,0.27798E+03
,423,0.17860E+04,0.21215E+02,-0.41927E+02,0.99459E+06,0.27353E+03
,424,0.17901E+04,0.21102E+02,-0.43494E+02,0.99115E+06,0.26912E+03
,425,0.17946E+04,0.20986E+02,-0.45032E+02,0.98773E+06,0.26475E+03
,426,0.17995E+04,0.20867E+02,-0.46544E+02,0.98432E+06,0.26040E+03
,427,0.18046E+04,0.20744E+02,-0.48029E+02,0.98092E+06,0.25609E+03
,428,0.18100E+04,0.20618E+02,-0.49483E+02,0.97755E+06,0.25181E+03
,429,0.18156E+04,0.20489E+02,-0.50909E+02,0.97418E+06,0.24756E+03
,430,0.18217E+04,0.20358E+02,-0.52306E+02,0.97084E+06,0.24334E+03
,431,0.18280E+04,0.20222E+02,-0.53673E+02,0.96750E+06,0.23914E+03
,432,0.18344E+04,0.20084E+02,-0.55010E+02,0.96418E+06,0.23497E+03
,433,0.18413E+04,0.19943E+02,-0.56314E+02,0.96088E+06,0.23083E+03
,434,0.18483E+04,0.19799E+02,-0.57588E+02,0.95759E+06,0.22671E+03
,435,0.18556E+04,0.19653E+02,-0.58831E+02,0.95432E+06,0.22261E+03
,436,0.18632E+04,0.19504E+02,-0.60041E+02,0.95106E+06,0.21853E+03
,437,0.18710E+04,0.19352E+02,-0.61218E+02,0.94781E+06,0.21447E+03
,438,0.18790E+04,0.19197E+02,-0.62361E+02,0.94458E+06,0.21044E+03
,439,0.18873E+04,0.19041E+02,-0.63472E+02,0.94137E+06,0.20642E+03
,440,0.18958E+04,0.18881E+02,-0.64547E+02,0.93817E+06,0.20241E+03
,441,0.19045E+04,0.18720E+02,-0.65590E+02,0.93498E+06,0.19843E+03
,442,0.19133E+04,0.18555E+02,-0.66597E+02,0.93181E+06,0.19445E+03
,443,0.19225E+04,0.18389E+02,-0.67570E+02,0.92865E+06,0.19049E+03
,444,0.19318E+04,0.18222E+02,-0.68506E+02,0.92550E+06,0.18654E+03
,445,0.19412E+04,0.18050E+02,-0.69407E+02,0.92237E+06,0.18261E+03
,446,0.19508E+04,0.17879E+02,-0.70271E+02,0.91925E+06,0.17868E+03
,447,0.19606E+04,0.17705E+02,-0.71101E+02,0.91615E+06,0.17476E+03
,448,0.19705E+04,0.17529E+02,-0.71894E+02,0.91306E+06,0.17085E+03
,449,0.19806E+04,0.17352E+02,-0.72649E+02,0.90998E+06,0.16694E+03
,450,0.19909E+04,0.17173E+02,-0.73369E+02,0.90692E+06,0.16304E+03
,451,0.20013E+04,0.16993E+02,-0.74050E+02,0.90387E+06,0.15915E+03
,452,0.20117E+04,0.16811E+02,-0.74696E+02,0.90083E+06,0.15526E+03
,453,0.20224E+04,0.16629E+02,-0.75305E+02,0.89781E+06,0.15137E+03
,454,0.20332E+04,0.16445E+02,-0.75876E+02,0.89480E+06,0.14750E+03
,455,0.20440E+04,0.16260E+02,-0.76412E+02,0.89181E+06,0.14365E+03
,456,0.20550E+04,0.16073E+02,-0.76904E+02,0.88882E+06,0.13981E+03
,457,0.20660E+04,0.15886E+02,-0.77367E+02,0.88585E+06,0.13599E+03
,458,0.20772E+04,0.15699E+02,-0.77783E+02,0.88290E+06,0.13219E+03
,459,0.20884E+04,0.15511E+02,-0.78167E+02,0.87995E+06,0.12841E+03
,460,0.20997E+04,0.15322E+02,-0.78513E+02,0.87702E+06,0.12466E+03
,461,0.21111E+04,0.15132E+02,-0.78821E+02,0.87410E+06,0.12093E+03
,462,0.21225E+04,0.14942E+02,-0.79087E+02,0.87120E+06,0.11724E+03
,463,0.21339E+04,0.14752E+02,-0.79328E+02,0.86830E+06,0.11358E+03
,464,0.21453E+04,0.14562E+02,-0.79515E+02,0.86542E+06,0.10996E+03
,465,0.21568E+04,0.14373E+02,-0.79677E+02,0.86256E+06,0.10637E+03
,466,0.21683E+04,0.14182E+02,-0.79793E+02,0.85970E+06,0.10283E+03
,467,0.21799E+04,0.13992E+02,-0.79877E+02,0.85686E+06,0.99326E+02
,468,0.21915E+04,0.13803E+02,-0.79921E+02,0.85403E+06,0.95870E+02
,469,0.22030E+04,0.13612E+02,-0.79934E+02,0.85121E+06,0.92461E+02
,470,0.22147E+04,0.13424E+02,-0.79907E+02,0.84840E+06,0.89103E+02
,471,0.22261E+04,0.13236E+02,-0.79840E+02,0.84561E+06,0.85798E+02
,472,0.22376E+04,0.13049E+02,-0.79742E+02,0.84283E+06,0.82548E+02
,473,0.22491E+04,0.12862E+02,-0.79604E+02,0.84006E+06,0.79355E+02
,474,0.22606E+04,0.12677E+02,-0.79435E+02,0.83730E+06,0.76223E+02
,475,0.22721E+04,0.12492E+02,-0.79226E+02,0.83456E+06,0.73153E+02
,476,0.22835E+04,0.12309E+02,-0.78980E+02,0.83182E+06,0.70148E+02
,477,0.22948E+04,0.12126E+02,-0.78707E+02,0.82910E+06,0.67211E+02
,478,0.23061E+04,0.11945E+02,-0.78387E+02,0.82639E+06,0.64344E+02
,479,0.23173E+04,0.11765E+02,-0.78046E+02,0.82369E+06,0.61549E+02
,480,0.23284E+04,0.11587E+02,-0.77664E+02,0.82101E+06,0.58829E+02
,481,0.23395E+04,0.11411E+02,-0.77245E+02,0.81833E+06,0.56186E+02
,482,0.23506E+04,0.11237E+02,-0.76795E+02,0.81567E+06,0.53623E+02
,483,0.23614E+04,0.11064E+02,-0.76316E+02,0.81302E+06,0.51142E+02
,484,0.23721E+04,0.10893E+02,-0.75802E+02,0.81037E+06,0.48746E+02
,485,0.23829E+04,0.10724E+02,-0.75255E+02,0.80774E+06,0.46437E+02
,486,0.23935E+04,0.10558E+02,-0.74676E+02,0.80513E+06,0.44217E+02
,487,0.24040E+04,0.10395E+02,-0.74067E+02,0.80252E+06,0.42089E+02
,488,0.24143E+04,0.10232E+02,-0.73425E+02,0.79992E+06,0.40056E+02
,489,0.24245E+04,0.10073E+02,-0.72753E+02,0.79734E+06,0.38120E+02
,490,0.24347E+04,0.99168E+01,-0.72050E+02,0.79476E+06,0.36282E+02
,491,0.24445E+04,0.97628E+01,-0.71319E+02,0.79220E+06,0.34547E+02
,492,0.24544E+04,0.96119E+01,-0.70559E+02,0.78965E+06,0.32916E+02
,493,0.24641E+04,0.94625E+01,-0.69768E+02,0.78711E+06,0.31391E+02
,494,0.24736E+04,0.93176E+01,-0.68951E+02,0.78458E+06,0.29976E+02
,495,0.24829E+04,0.91750E+01,-0.68105E+02,0.78206E+06,0.28672E+02
,496,0.24921E+04,0.90362E+01,-0.67233E+02,0.77955E+06,0.27482E+02
,497,0.25011E+04,0.89004E+01,-0.66333E+02,0.77705E+06,0.26409E+02
,498,0.25099E+04,0.87670E+01,-0.65409E+02,0.77456E+06,0.25454E+02
,499,0.25186E+04,0.86381E+01,-0.64457E+02,0.77208E+06,0.24621E+02
,500,0.25272E+04,0.85116E+01,-0.63483E+02,0.76962E+06,0.23911E+02
,501,0.25354E+04,0.83895E+01,-0.62484E+02,0.76716E+06,0.23327E+02
,502,0.25436E+04,0.82713E+01,-0.61461E+02,0.76471E+06,0.22865E+02
,503,0.25515E+04,0.81562E+01,-0.60415E+02,0.76227E+06,0.22522E+02
,504,0.25591E+04,0.80449E+01,-0.59346E+02,0.75985E+06,0.22295E+02
,505,0.25668E+04,0.79382E+01,-0.58257E+02,0.75743E+06,0.22179E+02
,506,0.25741E+04,0.78355E+01,-0.57146E+02,0.75503E+06,0.22170E+02
,507,0.25813E+04,0.77364E+01,-0.56015E+02,0.75263E+06,0.22266E+02
,508,0.25881E+04,0.76421E+01,-0.54864E+02,0.75024E+06,0.22462E+02
,509,0.25949E+04,0.75515E+01,-0.53695E+02,0.74787E+06,0.22754E+02
,510,0.26013E+04,0.74654E+01,-0.52508E+02,0.74550E+06,0.23140E+02
,511,0.26076E+04,0.73835E+01,-0.51303E+02,0.74314E+06,0.23615E+02
,512,0.26136E+04,0.73061E+01,-0.50082E+02,0.74080E+06,0.24175E+02
,513,0.26195E+04,0.72331E+01,-0.48845E+02,0.73846E+06,0.24818E+02
,514,0.26251E+04,0.71648E+01,-0.47594E+02,0.73613E+06,0.25539E+02
,515,0.26305E+04,0.71011E+01,-0.46327E+02,0.73382E+06,0.26334E+02
,516,0.26356E+04,0.70421E+01,-0.45047E+02,0.73151E+06,0.27200E+02
,517,0.26405E+04,0.69879E+01,-0.43754E+02,0.72921E+06,0.28133E+02
,518,0.26451E+04,0.69385E+01,-0.42450E+02,0.72692E+06,0.29130E+02
,519,0.26497E+04,0.68939E+01,-0.41132E+02,0.72464E+06,0.30186E+02
,520,0.26539E+04,0.68542E+01,-0.39805E+02,0.72237E+06,0.31298E+02
,521,0.26578E+04,0.68194E+01,-0.38469E+02,0.72011E+06,0.32463E+02
,522,0.26615E+04,0.67898E+01,-0.37123E+02,0.71786E+06,0.33677E+02
,523,0.26650E+04,0.67652E+01,-0.35769E+02,0.71562E+06,0.34935E+02
,524,0.26682E+04,0.67456E+01,-0.34408E+02,0.71339E+06,0.36235E+02
,525,0.26711E+04,0.67312E+01,-0.33039E+02,0.71117E+06,0.37572E+02
,526,0.26739E+04,0.67220E+01,-0.31664E+02,0.70896E+06,0.38944E+02
,527,0.26765E+04,0.67179E+01,-0.30285E+02,0.70675E+06,0.40345E+02
,528,0.26788E+04,0.67190E+01,-0.28902E+02,0.70456E+06,0.41773E+02
,529,0.26808E+04,0.67256E+01,-0.27515E+02,0.70237E+06,0.43224E+02
,530,0.26825E+04,0.67374E+01,-0.26126E+02,0.70020E+06,0.44694E+02
,531,0.26842E+04,0.67545E+01,-0.24733E+02,0.69803E+06,0.46179E+02
,532,0.26854E+04,0.67770E+01,-0.23341E+02,0.69587E+06,0.47676E+02
,533,0.26864E+04,0.68049E+01,-0.21948E+02,0.69372E+06,0.49181E+02
,534,0.26872E+04,0.68382E+01,-0.20555E+02,0.69158E+06,0.50691E+02
,535,0.26877E+04,0.68770E+01,-0.19164E+02,0.68945E+06,0.52201E+02
,536,0.26880E+04,0.69211E+01,-0.17775E+02,0.68733E+06,0.53708E+02
,537,0.26881E+04,0.69707E+01,-0.16388E+02,0.68521E+06,0.55209E+02
,538,0.26879E+04,0.70259E+01,-0.15006E+02,0.68311E+06,0.56699E+02
,539,0.26875E+04,0.70864E+01,-0.13628E+02,0.68101E+06,0.58174E+02
,540,0.26868E+04,0.71526E+01,-0.12255E+02,0.67893E+06,0.59633E+02
,541,0.26859E+04,0.72242E+01,-0.10887E+02,0.67685E+06,0.61069E+02
,542,0.26847E+04,0.73012E+01,-0.95272E+01,0.67478E+06,0.62481E+02
,543,0.26833E+04,0.73839E+01,-0.81745E+01,0.67272E+06,0.63863E+02
,544,0.26817E+04,0.74720E+01,-0.68300E+01,0.67066E+06,0.65213E+02
,545,0.26798E+04,0.75656E+01,-0.54944E+01,0.66862E+06,0.66527E+02
,546,0.26777E+04,0.76645E+01,-0.41687E+01,0.66658E+06,0.67800E+02
,547,0.26753E+04,0.77688E+01,-0.28533E+01,0.66456E+06,0.69030E+02
,548,0.26728E+04,0.78786E+01,-0.15493E+01,0.66254E+06,0.70213E+02
,549,0.26700E+04,0.79938E+01,-0.25735E+00,0.66053E+06,0.71345E+02
,550,0.26670E+04,0.81146E+01,0.10219E+01,0.65852E+06,0.72422E+02
,551,0.26638E+04,0.82409E+01,0.22878E+01,0.65653E+06,0.73441E+02
,552,0.26603E+04,0.83726E+01,0.35392E+01,0.65454E+06,0.74404E+02
,553,0.26566E+04,0.85083E+01,0.47758E+01,0.65257E+06,0.75311E+02
,554,0.26527E+04,0.86510E+01,0.59968E+01,0.65060E+06,0.76166E+02
,555,0.26486E+04,0.87985E+01,0.72014E+01,0.64864E+06,0.76968E+02
,556,0.26442E+04,0.89514E+01,0.83893E+01,0.64668E+06,0.77721E+02
,557,0.26396E+04,0.91091E+01,0.95587E+01,0.64474E+06,0.78426E+02
,558,0.26349E+04,0.92730E+01,0.10710E+02,0.64280E+06,0.79084E+02
,559,0.26299E+04,0.94408E+01,0.11843E+02,0.64087E+06,0.79697E+02
,560,0.26248E+04,0.96135E+01,0.12956E+02,0.63895E+06,0.80267E+02
,561,0.26193E+04,0.97915E+01,0.14048E+02,0.63704E+06,0.80796E+02
,562,0.26138E+04,0.99751E+01,0.15119E+02,0.63513E+06,0.81285E+02
,563,0.26080E+04,0.10163E+02,0.16171E+02,0.63323E+06,0.81737E+02
,564,0.26021E+04,0.10356E+02,0.17197E+02,0.63134E+06,0.82151E+02
,565,0.25960E+04,0.10553E+02,0.18203E+02,0.62946E+06,0.82532E+02
,566,0.25897E+04,0.10756E+02,0.19184E+02,0.62759E+06,0.82879E+02
,567,0.25832E+04,0.10962E+02,0.20142E+02,0.62572E+06,0.83196E+02
,568,0.25766E+04,0.11174E+02,0.21075E+02,0.62386E+06,0.83482E+02
,569,0.25698E+04,0.11391E+02,0.21985E+02,0.62201E+06,0.83742E+02
,570,0.25628E+04,0.11611E+02,0.22867E+02,0.62017E+06,0.83975E+02
,571,0.25556E+04,0.11837E+02,0.23723E+02,0.61833E+06,0.84183E+02
,572,0.25483E+04,0.12066E+02,0.24553E+02,0.61650E+06,0.84370E+02
,573,0.25409E+04,0.12299E+02,0.25354E+02,0.61468E+06,0.84535E+02
,574,0.25333E+04,0.12537E+02,0.26129E+02,0.61287E+06,0.84681E+02
,575,0.25255E+04,0.12778E+02,0.26875E+02,0.61106E+06,0.84809E+02
,576,0.25177E+04,0.13024E+02,0.27594E+02,0.60926E+06,0.84922E+02
,577,0.25096E+04,0.13274E+02,0.28283E+02,0.60747E+06,0.85020E+02
,578,0.25015E+04,0.13527E+02,0.28943E+02,0.60569E+06,0.85106E+02
,579,0.24932E+04,0.13785E+02,0.29573E+02,0.60391E+06,0.85182E+02
,580,0.24849E+04,0.14046E+02,0.30172E+02,0.60214E+06,0.85248E+02
,581,0.24763E+04,0.14310E+02,0.30741E+02,0.60038E+06,0.85307E+02
,582,0.24676E+04,0.14578E+02,0.31279E+02,0.59863E+06,0.85361E+02
,583,0.24589E+04,0.14849E+02,0.31785E+02,0.59688E+06,0.85410E+02
,584,0.24501E+04,0.15124E+02,0.32259E+02,0.59514E+06,0.85458E+02
,585,0.24412E+04,0.15402E+02,0.32702E+02,0.59340E+06,0.85505E+02
,586,0.24321E+04,0.15682E+02,0.33111E+02,0.59168E+06,0.85553E+02
,587,0.24230E+04,0.15966E+02,0.33489E+02,0.58996E+06,0.85604E+02
,588,0.24138E+04,0.16252E+02,0.33832E+02,0.58824E+06,0.85660E+02
,589,0.24045E+04,0.16542E+02,0.34143E+02,0.58654E+06,0.85722E+02
,590,0.23951E+04,0.16834E+02,0.34420E+02,0.58484E+06,0.85792E+02
,591,0.23857E+04,0.17129E+02,0.34663E+02,0.58315E+06,0.85872E+02
,592,0.23762E+04,0.17426E+02,0.34871E+02,0.58146E+06,0.85964E+02
,593,0.23666E+04,0.17726E+02,0.35047E+02,0.57979E+06,0.86068E+02
,594,0.23568E+04,0.18028E+02,0.35187E+02,0.57811E+06,0.86188E+02
,595,0.23471E+04,0.18331E+02,0.35293E+02,0.57645E+06,0.86324E+02
,596,0.23374E+04,0.18638E+02,0.35363E+02,0.57479E+06,0.86478E+02
,597,0.23276E+04,0.18944E+02,0.35399E+02,0.57314E+06,0.86652E+02
,598,0.23180E+04,0.19254E+02,0.35400E+02,0.57150E+06,0.86848E+02
,599,0.23082E+04,0.19565E+02,0.35366E+02,0.56986E+06,0.87067E+02
,600,0.22983E+04,0.19878E+02,0.35296E+02,0.56823E+06,0.87312E+02
,601,0.22884E+04,0.20193E+02,0.35191E+02,0.56660E+06,0.87583E+02
,602,0.22785E+04,0.20508E+02,0.35050E+02,0.56498E+06,0.87880E+02
,603,0.22685E+04,0.20825E+02,0.34875E+02,0.56337E+06,0.88202E+02
,604,0.22587E+04,0.21143E+02,0.34664E+02,0.56177E+06,0.88550E+02
,605,0.22488E+04,0.21461E+02,0.34418E+02,0.56017E+06,0.88922E+02
,606,0.22389E+04,0.21780E+02,0.34136E+02,0.55857E+06,0.89318E+02
,607,0.22288E+04,0.22101E+02,0.33819E+02,0.55699E+06,0.89737E+02
,608,0.22190E+04,0.22422E+02,0.33467E+02,0.55541E+06,0.90179E+02
,609,0.22092E+04,0.22742E+02,0.33079E+02,0.55383E+06,0.90643E+02
,610,0.21993E+04,0.23063E+02,0.32656E+02,0.55227E+06,0.91129E+02
,611,0.21895E+04,0.23385E+02,0.32199E+02,0.55071E+06,0.91635E+02
,612,0.21797E+04,0.23707E+02,0.31707E+02,0.54915E+06,0.92162E+02
,613,0.21699E+04,0.24027E+02,0.31180E+02,0.54760E+06,0.92709E+02
,614,0.21602E+04,0.24348E+02,0.30617E+02,0.54606E+06,0.93274E+02
,615,0.21505E+04,0.24668E+02,0.30021E+02,0.54452E+06,0.93859E+02
,616,0.21409E+04,0.24989E+02,0.29391E+02,0.54299E+06,0.94461E+02
,617,0.21314E+04,0.25309E+02,0.28728E+02,0.54147E+06,0.95081E+02
,618,0.21220E+04,0.25629E+02,0.28029E+02,0.53995E+06,0.95717E+02
,619,0.21125E+04,0.25948E+02,0.27299E+02,0.53844E+06,0.96370E+02
,620,0.21032E+04,0.26265E+02,0.26535E+02,0.53693E+06,0.97038E+02
,621,0.20939E+04,0.26582E+02,0.25738E+02,0.53543E+06,0.97721E+02
,622,0.20847E+04,0.26898E+02,0.24908E+02,0.53394E+06,0.98419E+02
,623,0.20756E+04,0.27211E+02,0.24047E+02,0.53245E+06,0.99131E+02
,624,0.20666E+04,0.27523E+02,0.23153E+02,0.53097E+06,0.99856E+02
,625,0.20576E+04,0.27833E+02,0.22228E+02,0.52949E+06,0.10059E+03
,626,0.20488E+04,0.28142E+02,0.21271E+02,0.52802E+06,0.10134E+03
,627,0.20401E+04,0.28449E+02,0.20283E+02,0.52656E+06,0.10210E+03
,628,0.20315E+04,0.28754E+02,0.19264E+02,0.52510E+06,0.10288E+03
,629,0.20230E+04,0.29057E+02,0.18215E+02,0.52364E+06,0.10366E+03
,630,0.20146E+04,0.29357E+02,0.17135E+02,0.52220E+06,0.10445E+03
,631,0.20063E+04,0.29655E+02,0.16027E+02,0.52075E+06,0.10525E+03
,632,0.19982E+04,0.29950E+02,0.14889E+02,0.51932E+06,0.10606E+03
,633,0.19901E+04,0.30244E+02,0.13723E+02,0.51789E+06,0.10688E+03
,634,0.19822E+04,0.30533E+02,0.12529E+02,0.51646E+06,0.10771E+03
,635,0.19745E+04,0.30821E+02,0.11308E+02,0.51504E+06,0.10854E+03
,636,0.19668E+04,0.31107E+02,0.10059E+02,0.51363E+06,0.10938E+03
,637,0.19593E+04,0.31387E+02,0.87828E+01,0.51222E+06,0.11022E+03
,638,0.19520E+04,0.31666E+02,0.74813E+01,0.51082E+06,0.11107E+03
,639,0.19448E+04,0.31941E+02,0.61534E+01,0.50942E+06,0.11192E+03
,640,0.19377E+04,0.32213E+02,0.48007E+01,0.50803E+06,0.11278E+03
,641,0.19309E+04,0.32481E+02,0.34232E+01,0.50664E+06,0.11364E+03
,642,0.19241E+04,0.32745E+02,0.20217E+01,0.50526E+06,0.11450E+03
,643,0.19175E+04,0.33007E+02,0.59665E+00,0.50388E+06,0.11537E+03
,644,0.19111E+04,0.33263E+02,-0.85132E+00,0.50251E+06,0.11624E+03
,645,0.19049E+04,0.33516E+02,-0.23219E+01,0.50115E+06,0.11710E+03
,646,0.18987E+04,0.33765E+02,-0.38144E+01,0.49979E+06,0.11797E+03
,647,0.18929E+04,0.34009E+02,-0.53286E+01,0.49843E+06,0.11884E+03
,648,0.18871E+04,0.34250E+02,-0.68627E+01,0.49708E+06,0.11971E+03
,649,0.18816E+04,0.34485E+02,-0.84175E+01,0.49574E+06,0.12057E+03
,650,0.18762E+04,0.34716E+02,-0.99913E+01,0.49440E+06,0.12144E+03
,651,0.18710E+04,0.34944E+02,-0.11584E+02,0.49307E+06,0.12230E+03
,652,0.18660E+04,0.35167E+02,-0.13196E+02,0.49174E+06,0.12316E+03
,653,0.18613E+04,0.35383E+02,-0.14824E+02,0.49041E+06,0.12401E+03
,654,0.18566E+04,0.35596E+02,-0.16468E+02,0.48910E+06,0.12487E+03
,655,0.18521E+04,0.35804E+02,-0.18129E+02,0.48778E+06,0.12572E+03
,656,0.18479E+04,0.36007E+02,-0.19805E+02,0.48647E+06,0.12657E+03
,657,0.18438E+04,0.36205E+02,-0.21495E+02,0.48517E+06,0.12741E+03
,658,0.18399E+04,0.36398E+02,-0.23199E+02,0.48387E+06,0.12826E+03
,659,0.18363E+04,0.36585E+02,-0.24916E+02,0.48258E+06,0.12910E+03
,660,0.18329E+04,0.36767E+02,-0.26646E+02,0.48129E+06,0.12994E+03
,661,0.18296E+04,0.36943E+02,-0.28386E+02,0.48000E+06,0.13078E+03
,662,0.18266E+04,0.37115E+02,-0.30138E+02,0.47872E+06,0.13162E+03
,663,0.18237E+04,0.37281E+02,-0.31901E+02,0.47745E+06,0.13245E+03
,664,0.18210E+04,0.37441E+02,-0.33671E+02,0.47618E+06,0.13328E+03
,665,0.18186E+04,0.37595E+02,-0.35451E+02,0.47492E+06,0.13411E+03
,666,0.18163E+04,0.37744E+02,-0.37239E+02,0.47366E+06,0.13494E+03
,667,0.18143E+04,0.37887E+02,-0.39034E+02,0.47240E+06,0.13577E+03
,668,0.18123E+04,0.38024E+02,-0.40835E+02,0.47115E+06,0.13660E+03
,669,0.18108E+04,0.38156E+02,-0.42642E+02,0.46991E+06,0.13742E+03
,670,0.18093E+04,0.38281E+02,-0.44452E+02,0.46866E+06,0.13825E+03
,671,0.18081E+04,0.38402E+02,-0.46268E+02,0.46743E+06,0.13907E+03
,672,0.18070E+04,0.38515E+02,-0.48087E+02,0.46620E+06,0.13989E+03
,673,0.18062E+04,0.38623E+02,-0.49907E+02,0.46497E+06,0.14071E+03
,674,0.18056E+04,0.38725E+02,-0.51729E+02,0.46375E+06,0.14153E+03
,675,0.18052E+04,0.38820E+02,-0.53553E+02,0.46253E+06,0.14234E+03
,676,0.18050E+04,0.38909E+02,-0.55375E+02,0.46132E+06,0.14316E+03
,677,0.18050E+04,0.38992E+02,-0.57197E+02,0.46011E+06,0.14397E+03
,678,0.18052E+04,0.39069E+02,-0.59018E+02,0.45890E+06,0.14479E+03
,679,0.18056E+04,0.39140E+02,-0.60837E+02,0.45770E+06,0.14560E+03
,680,0.18064E+04,0.39204E+02,-0.62653E+02,0.45651E+06,0.14641E+03
,681,0.18072E+04,0.39262E+02,-0.64464E+02,0.45532E+06,0.14723E+03
,682,0.18082E+04,0.39313E+02,-0.66271E+02,0.45413E+06,0.14804E+03
,683,0.18096E+04,0.39359E+02,-0.68075E+02,0.45295E+06,0.14885E+03
,684,0.18110E+04,0.39397E+02,-0.69871E+02,0.45177E+06,0.14966E+03
,685,0.18126E+04,0.39430E+02,-0.71662E+02,0.45060E+06,0.15047E+03
,686,0.18144E+04,0.39455E+02,-0.73437E+02,0.44943E+06,0.15127E+03
,687,0.18165E+04,0.39475E+02,-0.75207E+02,0.44826E+06,0.15208E+03
,688,0.18188E+04,0.39488E+02,-0.76971E+02,0.44710E+06,0.15289E+03
,689,0.18212E+04,0.39494E+02,-0.78721E+02,0.44595E+06,0.15370E+03
,690,0.18238E+04,0.39495E+02,-0.80464E+02,0.44480E+06,0.15451E+03
,691,0.18267E+04,0.39487E+02,-0.82193E+02,0.44365E+06,0.15531E+03
,692,0.18297E+04,0.39475E+02,-0.83907E+02,0.44251E+06,0.15612E+03
,693,0.18330E+04,0.39456E+02,-0.85615E+02,0.44137E+06,0.15693E+03
,694,0.18363E+04,0.39430E+02,-0.87302E+02,0.44023E+06,0.15773E+03
,695,0.18399E+04,0.39399E+02,-0.88974E+02,0.43910E+06,0.15854E+03
,696,0.18438E+04,0.39360E+02,-0.90646E+02,0.43797E+06,0.15935E+03
,697,0.18477E+04,0.39315E+02,-0.92290E+02,0.43685E+06,0.16016E+03
,698,0.18519E+04,0.39263E+02,-0.93919E+02,0.43573E+06,0.16097E+03
,699,0.18562E+04,0.39206E+02,-0.95526E+02,0.43462E+06,0.16177E+03
,700,0.18607E+04,0.39142E+02,-0.97119E+02,0.43351E+06,0.16258E+03
,701,0.18654E+04,0.39071E+02,-0.98697E+02,0.43240E+06,0.16339E+03
,702,0.18703E+04,0.38995E+02,-0.10025E+03,0.43130E+06,0.16420E+03
,703,0.18753E+04,0.38912E+02,-0.10179E+03,0.43020E+06,0.16501E+03
,704,0.18805E+04,0.38824E+02,-0.10331E+03,0.42910E+06,0.16582E+03
,705,0.18858E+04,0.38728E+02,-0.10480E+03,0.42801E+06,0.16662E+03
,706,0.18913E+04,0.38627E+02,-0.10627E+03,0.42692E+06,0.16742E+03
,707,0.18969E+04,0.38520E+02,-0.10773E+03,0.42584E+06,0.16822E+03
,708,0.19029E+04,0.38408E+02,-0.10914E+03,0.42476E+06,0.16902E+03
,709,0.19088E+04,0.38289E+02,-0.11055E+03,0.42369E+06,0.16981E+03
,710,0.19150E+04,0.38164E+02,-0.11193E+03,0.42261E+06,0.17059E+03
,711,0.19212E+04,0.38033E+02,-0.11328E+03,0.42155E+06,0.17137E+03
,712,0.19277E+04,0.37897E+02,-0.11462E+03,0.42048E+06,0.17214E+03
,713,0.19343E+04,0.37755E+02,-0.11591E+03,0.41942E+06,0.17291E+03
,714,0.19409E+04,0.37608E+02,-0.11719E+03,0.41837E+06,0.17367E+03
,715,0.19478E+04,0.37455E+02,-0.11844E+03,0.41731E+06,0.17442E+03
,716,0.19548E+04,0.37296E+02,-0.11966E+03,0.41626E+06,0.17516E+03
,717,0.19619E+04,0.37132E+02,-0.12085E+03,0.41522E+06,0.17589E+03
,718,0.19690E+04,0.36963E+02,-0.12202E+03,0.41418E+06,0.17661E+03
,719,0.19764E+04,0.36788E+02,-0.12315E+03,0.41314E+06,0.17732E+03
,720,0.19837E+04,0.36608E+02,-0.12426E+03,0.41210E+06,0.17802E+03
,721,0.19914E+04,0.36424E+02,-0.12532E+03,0.41107E+06,0.17871E+03
,722,0.19990E+04,0.36234E+02,-0.12636E+03,0.41005E+06,0.17938E+03
,723,0.20067E+04,0.36040E+02,-0.12737E+03,0.40902E+06,0.18004E+03
,724,0.20146E+04,0.35840E+02,-0.12835E+03,0.40800E+06,0.18069E+03
,725,0.20225E+04,0.35637E+02,-0.12930E+03,0.40699E+06,0.18132E+03
,726,0.20306E+04,0.35430E+02,-0.13020E+03,0.40597E+06,0.18194E+03
,727,0.20387E+04,0.35217E+02,-0.13109E+03,0.40496E+06,0.18254E+03
,728,0.20469E+04,0.34999E+02,-0.13193E+03,0.40396E+06,0.18312E+03
,729,0.20552E+04,0.34777E+02,-0.13275E+03,0.40295E+06,0.18369E+03
,730,0.20635E+04,0.34551E+02,-0.13353E+03,0.40196E+06,0.18424E+03
,731,0.20720E+04,0.34320E+02,-0.13427E+03,0.40096E+06,0.18477E+03
,732,0.20805E+04,0.34087E+02,-0.13497E+03,0.39997E+06,0.18528E+03
,733,0.20891E+04,0.33849E+02,-0.13565E+03,0.39898E+06,0.18578E+03
,734,0.20977E+04,0.33608E+02,-0.13628E+03,0.39799E+06,0.18625E+03
,735,0.21065E+04,0.33361E+02,-0.13689E+03,0.39701E+06,0.18670E+03
,736,0.21151E+04,0.33112E+02,-0.13745E+03,0.39603E+06,0.18713E+03
,737,0.21239E+04,0.32860E+02,-0.13798E+03,0.39506E+06,0.18754E+03
,738,0.21327E+04,0.32605E+02,-0.13846E+03,0.39409E+06,0.18792E+03
,739,0.21415E+04,0.32345E+02,-0.13891E+03,0.39312E+06,0.18828E+03
,740,0.21504E+04,0.32083E+02,-0.13933E+03,0.39215E+06,0.18862E+03
,741,0.21593E+04,0.31817E+02,-0.13971E+03,0.39119E+06,0.18894E+03
,742,0.21683E+04,0.31550E+02,-0.14005E+03,0.39023E+06,0.18922E+03
,743,0.21772E+04,0.31281E+02,-0.14036E+03,0.38928E+06,0.18949E+03
,744,0.21862E+04,0.31008E+02,-0.14062E+03,0.38832E+06,0.18972E+03
,745,0.21952E+04,0.30732E+02,-0.14085E+03,0.38737E+06,0.18993E+03
,746,0.22041E+04,0.30455E+02,-0.14103E+03,0.38643E+06,0.19011E+03
,747,0.22131E+04,0.30175E+02,-0.14118E+03,0.38549E+06,0.19026E+03
,748,0.22221E+04,0.29893E+02,-0.14129E+03,0.38455E+06,0.19038E+03
,749,0.22311E+04,0.29608E+02,-0.14137E+03,0.38361E+06,0.19048E+03
,750,0.22400E+04,0.29322E+02,-0.14141E+03,0.38268E+06,0.19054E+03
,751,0.22490E+04,0.29034E+02,-0.14141E+03,0.38175E+06,0.19057E+03
,752,0.22580E+04,0.28746E+02,-0.14136E+03,0.38082E+06,0.19058E+03
,753,0.22669E+04,0.28454E+02,-0.14128E+03,0.37989E+06,0.19055E+03
,754,0.22757E+04,0.28162E+02,-0.14115E+03,0.37897E+06,0.19050E+03
,755,0.22846E+04,0.27869E+02,-0.14099E+03,0.37805E+06,0.19042E+03
,756,0.22933E+04,0.27574E+02,-0.14080E+03,0.37714E+06,0.19031E+03
,757,0.23022E+04,0.27280E+02,-0.14056E+03,0.37623E+06,0.19018E+03
,758,0.23108E+04,0.26983E+02,-0.14027E+03,0.37532E+06,0.19002E+03
,759,0.23196E+04,0.26686E+02,-0.13996E+03,0.37441E+06,0.18984E+03
,760,0.23282E+04,0.26388E+02,-0.13961E+03,0.37351E+06,0.18965E+03
,761,0.23367E+04,0.26091E+02,-0.13922E+03,0.37261E+06,0.18942E+03
,762,0.23453E+04,0.25793E+02,-0.13879E+03,0.37171E+06,0.18918E+03
,763,0.23537E+04,0.25495E+02,-0.13833E+03,0.37082E+06,0.18893E+03
,764,0.23621E+04,0.25197E+02,-0.13783E+03,0.36993E+06,0.18865E+03
,765,0.23703E+04,0.24899E+02,-0.13728E+03,0.36904E+06,0.18836E+03
,766,0.23786E+04,0.24601E+02,-0.13670E+03,0.36815E+06,0.18805E+03
,767,0.23867E+04,0.24305E+02,-0.13609E+03,0.36727E+06,0.18773E+03
,768,0.23947E+04,0.24008E+02,-0.13543E+03,0.36639E+06,0.18739E+03
,769,0.24027E+04,0.23711E+02,-0.13474E+03,0.36551E+06,0.18704E+03
,770,0.24105E+04,0.23417E+02,-0.13402E+03,0.36464E+06,0.18668E+03
,771,0.24183E+04,0.23122E+02,-0.13325E+03,0.36377E+06,0.18631E+03
,772,0.24259E+04,0.22829E+02,-0.13244E+03,0.36290E+06,0.18593E+03
,773,0.24334E+04,0.22538E+02,-0.13161E+03,0.36203E+06,0.18554E+03
,774,0.24408E+04,0.22248E+02,-0.13074E+03,0.36117E+06,0.18515E+03
,775,0.24482E+04,0.21959E+02,-0.12984E+03,0.36031E+06,0.18474E+03
,776,0.24553E+04,0.21672E+02,-0.12890E+03,0.35945E+06,0.18434E+03
,777,0.24623E+04,0.21387E+02,-0.12793E+03,0.35860E+06,0.18392E+03
,778,0.24695E+04,0.21104E+02,-0.12691E+03,0.35774E+06,0.18351E+03
,779,0.24762E+04,0.20823E+02,-0.12588E+03,0.35689E+06,0.18309E+03
,780,0.24829E+04,0.20542E+02,-0.12480E+03,0.35605E+06,0.18267E+03
,781,0.24895E+04,0.20266E+02,-0.12370E+03,0.35520E+06,0.18225E+03
,782,0.24958E+04,0.19991E+02,-0.12257E+03,0.35436E+06,0.18184E+03
,783,0.25021E+04,0.19720E+02,-0.12140E+03,0.35352E+06,0.18142E+03
,784,0.25083E+04,0.19451E+02,-0.12019E+03,0.35269E+06,0.18101E+03
,785,0.25142E+04,0.19184E+02,-0.11896E+03,0.35185E+06,0.18060E+03
,786,0.25201E+04,0.18920E+02,-0.11768E+03,0.35102E+06,0.18019E+03
,787,0.25257E+04,0.18660E+02,-0.11638E+03,0.35020E+06,0.17980E+03
,788,0.25312E+04,0.18402E+02,-0.11506E+03,0.34937E+06,0.17940E+03
,789,0.25365E+04,0.18146E+02,-0.11371E+03,0.34855E+06,0.17902E+03
,790,0.25418E+04,0.17896E+02,-0.11232E+03,0.34773E+06,0.17865E+03
,791,0.25468E+04,0.17648E+02,-0.11090E+03,0.34691E+06,0.17828E+03
,792,0.25517E+04,0.17404E+02,-0.10947E+03,0.34609E+06,0.17793E+03
,793,0.25563E+04,0.17165E+02,-0.10799E+03,0.34528E+06,0.17759E+03
,794,0.25608E+04,0.16930E+02,-0.10650E+03,0.34447E+06,0.17726E+03
,795,0.25650E+04,0.16698E+02,-0.10498E+03,0.34366E+06,0.17694E+03
,796,0.25693E+04,0.16470E+02,-0.10343E+03,0.34286E+06,0.17665E+03
,797,0.25732E+04,0.16246E+02,-0.10186E+03,0.34205E+06,0.17636E+03
,798,0.25770E+04,0.16027E+02,-0.10027E+03,0.34125E+06,0.17610E+03
,799,0.25806E+04,0.15813E+02,-0.98656E+02,0.34046E+06,0.17585E+03
,800,0.25840E+04,0.15602E+02,-0.97016E+02,0.33966E+06,0.17562E+03
,801,0.25873E+04,0.15396E+02,-0.95360E+02,0.33887E+06,0.17541E+03
,802,0.25902E+04,0.15195E+02,-0.93664E+02,0.33808E+06,0.17523E+03
,803,0.25931E+04,0.14997E+02,-0.91966E+02,0.33729E+06,0.17505E+03
,804,0.25957E+04,0.14805E+02,-0.90236E+02,0.33650E+06,0.17490E+03
,805,0.25982E+04,0.14618E+02,-0.88489E+02,0.33572E+06,0.17476E+03
,806,0.26005E+04,0.14436E+02,-0.86725E+02,0.33494E+06,0.17464E+03
,807,0.26025E+04,0.14259E+02,-0.84944E+02,0.33416E+06,0.17453E+03
,808,0.26042E+04,0.14088E+02,-0.83139E+02,0.33338E+06,0.17443E+03
,809,0.26059E+04,0.13922E+02,-0.81325E+02,0.33261E+06,0.17435E+03
,810,0.26073E+04,0.13761E+02,-0.79486E+02,0.33184E+06,0.17427E+03
,811,0.26085E+04,0.13605E+02,-0.77631E+02,0.33107E+06,0.17420E+03
,812,0.26095E+04,0.13456E+02,-0.75765E+02,0.33030E+06,0.17414E+03
,813,0.26103E+04,0.13311E+02,-0.73886E+02,0.32954E+06,0.17409E+03
,814,0.26110E+04,0.13173E+02,-0.71993E+02,0.32877E+06,0.17404E+03
,815,0.26114E+04,0.13040E+02,-0.70088E+02,0.32801E+06,0.17400E+03
,816,0.26115E+04,0.12913E+02,-0.68171E+02,0.32726E+06,0.17396E+03
,817,0.26114E+04,0.12792E+02,-0.66242E+02,0.32650E+06,0.17393E+03
,818,0.26113E+04,0.12677E+02,-0.64303E+02,0.32575E+06,0.17389E+03
,819,0.26108E+04,0.12567E+02,-0.62353E+02,0.32500E+06,0.17386E+03
,820,0.26102E+04,0.12464E+02,-0.60394E+02,0.32425E+06,0.17382E+03
,821,0.26093E+04,0.12366E+02,-0.58429E+02,0.32350E+06,0.17378E+03
,822,0.26082E+04,0.12275E+02,-0.56455E+02,0.32276E+06,0.17374E+03
,823,0.26069E+04,0.12190E+02,-0.54473E+02,0.32201E+06,0.17369E+03
,824,0.26053E+04,0.12112E+02,-0.52485E+02,0.32127E+06,0.17364E+03
,825,0.26036E+04,0.12039E+02,-0.50492E+02,0.32053E+06,0.17358E+03
,826,0.26016E+04,0.11974E+02,-0.48495E+02,0.31980E+06,0.17351E+03
,827,0.25994E+04,0.11914E+02,-0.46494E+02,0.31907E+06,0.17344E+03
,828,0.25971E+04,0.11861E+02,-0.44490E+02,0.31833E+06,0.17335E+03
,829,0.25945E+04,0.11815E+02,-0.42483E+02,0.31760E+06,0.17326E+03
,830,0.25917E+04,0.11774E+02,-0.40477E+02,0.31688E+06,0.17315E+03
,831,0.25887E+04,0.11741E+02,-0.38470E+02,0.31615E+06,0.17303E+03
,832,0.25855E+04,0.11713E+02,-0.36463E+02,0.31543E+06,0.17289E+03
,833,0.25821E+04,0.11692E+02,-0.34457E+02,0.31471E+06,0.17274E+03
,834,0.25784E+04,0.11677E+02,-0.32452E+02,0.31399E+06,0.17257E+03
,835,0.25746E+04,0.11671E+02,-0.30450E+02,0.31327E+06,0.17238E+03
,836,0.25704E+04,0.11669E+02,-0.28450E+02,0.31256E+06,0.17217E+03
,837,0.25661E+04,0.11674E+02,-0.26454E+02,0.31185E+06,0.17194E+03
,838,0.25616E+04,0.11687E+02,-0.24463E+02,0.31114E+06,0.17170E+03
,839,0.25568E+04,0.11705E+02,-0.22476E+02,0.31043E+06,0.17143E+03
,840,0.25520E+04,0.11732E+02,-0.20495E+02,0.30972E+06,0.17113E+03
,841,0.25468E+04,0.11763E+02,-0.18522E+02,0.30902E+06,0.17081E+03
,842,0.25415E+04,0.11801E+02,-0.16554E+02,0.30831E+06,0.17047E+03
,843,0.25360E+04,0.11846E+02,-0.14598E+02,0.30761E+06,0.17010E+03
,844,0.25301E+04,0.11898E+02,-0.12648E+02,0.30691E+06,0.16970E+03
,845,0.25242E+04,0.11956E+02,-0.10709E+02,0.30622E+06,0.16927E+03
,846,0.25181E+04,0.12022E+02,-0.87813E+01,0.30552E+06,0.16881E+03
,847,0.25119E+04,0.12093E+02,-0.68639E+01,0.30483E+06,0.16832E+03
,848,0.25054E+04,0.12170E+02,-0.49591E+01,0.30414E+06,0.16779E+03
,849,0.24986E+04,0.12254E+02,-0.30663E+01,0.30345E+06,0.16724E+03
,850,0.24919E+04,0.12345E+02,-0.11866E+01,0.30277E+06,0.16665E+03
,851,0.24847E+04,0.12443E+02,0.67922E+00,0.30208E+06,0.16602E+03
,852,0.24775E+04,0.12547E+02,0.25308E+01,0.30140E+06,0.16536E+03
,853,0.24700E+04,0.12657E+02,0.43674E+01,0.30072E+06,0.16466E+03
,854,0.24624E+04,0.12774E+02,0.61876E+01,0.30004E+06,0.16394E+03
,855,0.24545E+04,0.12897E+02,0.79922E+01,0.29936E+06,0.16318E+03
,856,0.24466E+04,0.13026E+02,0.97794E+01,0.29869E+06,0.16240E+03
,857,0.24383E+04,0.13161E+02,0.11548E+02,0.29801E+06,0.16159E+03
,858,0.24299E+04,0.13304E+02,0.13299E+02,0.29734E+06,0.16075E+03
,859,0.24214E+04,0.13450E+02,0.15032E+02,0.29667E+06,0.15989E+03
,860,0.24127E+04,0.13603E+02,0.16745E+02,0.29600E+06,0.15901E+03
,861,0.24039E+04,0.13762E+02,0.18437E+02,0.29534E+06,0.15811E+03
,862,0.23948E+04,0.13927E+02,0.20109E+02,0.29467E+06,0.15719E+03
,863,0.23856E+04,0.14099E+02,0.21760E+02,0.29401E+06,0.15625E+03
,864,0.23763E+04,0.14275E+02,0.23388E+02,0.29335E+06,0.15530E+03
,865,0.23666E+04,0.14457E+02,0.24993E+02,0.29269E+06,0.15433E+03
,866,0.23572E+04,0.14645E+02,0.26575E+02,0.29204E+06,0.15335E+03
,867,0.23473E+04,0.14839E+02,0.28133E+02,0.29138E+06,0.15236E+03
,868,0.23374E+04,0.15038E+02,0.29668E+02,0.29073E+06,0.15136E+03
,869,0.23273E+04,0.15242E+02,0.31178E+02,0.29008E+06,0.15035E+03
,870,0.23171E+04,0.15451E+02,0.32662E+02,0.28943E+06,0.14933E+03
,871,0.23068E+04,0.15666E+02,0.34121E+02,0.28878E+06,0.14831E+03
,872,0.22963E+04,0.15886E+02,0.35553E+02,0.28814E+06,0.14729E+03
,873,0.22856E+04,0.16111E+02,0.36959E+02,0.28749E+06,0.14626E+03
,874,0.22749E+04,0.16342E+02,0.38338E+02,0.28685E+06,0.14523E+03
,875,0.22640E+04,0.16575E+02,0.39690E+02,0.28621E+06,0.14421E+03
,876,0.22530E+04,0.16815E+02,0.41014E+02,0.28557E+06,0.14318E+03
,877,0.22420E+04,0.17059E+02,0.42308E+02,0.28493E+06,0.14217E+03
,878,0.22307E+04,0.17307E+02,0.43575E+02,0.28430E+06,0.14115E+03
,879,0.22194E+04,0.17561E+02,0.44812E+02,0.28367E+06,0.14015E+03
,880,0.22080E+04,0.17818E+02,0.46020E+02,0.28303E+06,0.13915E+03
,881,0.21965E+04,0.18079E+02,0.47197E+02,0.28240E+06,0.13817E+03
,882,0.21848E+04,0.18344E+02,0.48344E+02,0.28178E+06,0.13719E+03
,883,0.21732E+04,0.18614E+02,0.49459E+02,0.28115E+06,0.13623E+03
,884,0.21613E+04,0.18887E+02,0.50545E+02,0.28052E+06,0.13529E+03
,885,0.21494E+04,0.19165E+02,0.51598E+02,0.27990E+06,0.13436E+03
,886,0.21374E+04,0.19446E+02,0.52618E+02,0.27928E+06,0.13345E+03
,887,0.21253E+04,0.19730E+02,0.53608E+02,0.27866E+06,0.13256E+03
,888,0.21132E+04,0.20019E+02,0.54564E+02,0.27804E+06,0.13169E+03
,889,0.21009E+04,0.20309E+02,0.55487E+02,0.27743E+06,0.13084E+03
,890,0.20886E+04,0.20604E+02,0.56377E+02,0.27681E+06,0.13002E+03
,891,0.20763E+04,0.20902E+02,0.57234E+02,0.27620E+06,0.12922E+03
,892,0.20639E+04,0.21202E+02,0.58059E+02,0.27559E+06,0.12846E+03
,893,0.20513E+04,0.21506E+02,0.58849E+02,0.27498E+06,0.12772E+03
,894,0.20389E+04,0.21812E+02,0.59604E+02,0.27437E+06,0.12701E+03
,895,0.20262E+04,0.22121E+02,0.60328E+02,0.27376E+06,0.12633E+03
,896,0.20136E+04,0.22432E+02,0.61016E+02,0.27316E+06,0.12569E+03
,897,0.20009E+04,0.22746E+02,0.61670E+02,0.27255E+06,0.12508E+03
,898,0.19882E+04,0.23062E+02,0.62290E+02,0.27195E+06,0.12451E+03
,899,0.19755E+04,0.23380E+02,0.62875E+02,0.27135E+06,0.12398E+03
,900,0.19626E+04,0.23700E+02,0.63425E+02,0.27075E+06,0.12348E+03
,901,0.19499E+04,0.24022E+02,0.63940E+02,0.27016E+06,0.12303E+03
,902,0.19371E+04,0.24346E+02,0.64421E+02,0.26956E+06,0.12262E+03
,903,0.19241E+04,0.24671E+02,0.64866E+02,0.26897E+06,0.12224E+03
,904,0.19113E+04,0.24997E+02,0.65276E+02,0.26838E+06,0.12189E+03
,905,0.18984E+04,0.25326E+02,0.65650E+02,0.26779E+06,0.12156E+03
,906,0.18854E+04,0.25655E+02,0.65989E+02,0.26720E+06,0.12126E+03
,907,0.18726E+04,0.25984E+02,0.66292E+02,0.26661E+06,0.12098E+03
,908,0.18598E+04,0.26315E+02,0.66561E+02,0.26602E+06,0.12072E+03
,909,0.18469E+04,0.26647E+02,0.66793E+02,0.26544E+06,0.12046E+03
,910,0.18339E+04,0.26980E+02,0.66992E+02,0.26486E+06,0.12022E+03
,911,0.18210E+04,0.27312E+02,0.67154E+02,0.26428E+06,0.11998E+03
,912,0.18081E+04,0.27646E+02,0.67281E+02,0.26370E+06,0.11974E+03
,913,0.17950E+04,0.27979E+02,0.67373E+02,0.26312E+06,0.11949E+03
,914,0.17823E+04,0.28312E+02,0.67431E+02,0.26254E+06,0.11924E+03
,915,0.17694E+04,0.28646E+02,0.67454E+02,0.26197E+06,0.11898E+03
,916,0.17566E+04,0.28979E+02,0.67442E+02,0.26139E+06,0.11871E+03
,917,0.17437E+04,0.29312E+02,0.67396E+02,0.26082E+06,0.11841E+03
,918,0.17310E+04,0.29645E+02,0.67315E+02,0.26025E+06,0.11810E+03
,919,0.17183E+04,0.29977E+02,0.67199E+02,0.25968E+06,0.11776E+03
,920,0.17056E+04,0.30308E+02,0.67049E+02,0.25911E+06,0.11739E+03
,921,0.16930E+04,0.30638E+02,0.66865E+02,0.25855E+06,0.11699E+03
,922,0.16804E+04,0.30967E+02,0.66648E+02,0.25798E+06,0.11655E+03
,923,0.16678E+04,0.31295E+02,0.66397E+02,0.25742E+06,0.11607E+03
,924,0.16553E+04,0.31622E+02,0.66112E+02,0.25686E+06,0.11555E+03
,925,0.16430E+04,0.31947E+02,0.65793E+02,0.25630E+06,0.11498E+03
,926,0.16305E+04,0.32271E+02,0.65443E+02,0.25574E+06,0.11437E+03
,927,0.16182E+04,0.32594E+02,0.65059E+02,0.25518E+06,0.11369E+03
,928,0.16060E+04,0.32914E+02,0.64643E+02,0.25463E+06,0.11296E+03
,929,0.15938E+04,0.33233E+02,0.64195E+02,0.25407E+06,0.11216E+03
,930,0.15817E+04,0.33548E+02,0.63715E+02,0.25352E+06,0.11130E+03
,931,0.15696E+04,0.33863E+02,0.63204E+02,0.25297E+06,0.11037E+03
,932,0.15577E+04,0.34175E+02,0.62661E+02,0.25242E+06,0.10936E+03
,933,0.15458E+04,0.34484E+02,0.62088E+02,0.25187E+06,0.10828E+03
,934,0.15341E+04,0.34791E+02,0.61485E+02,0.25132E+06,0.10712E+03
,935,0.15223E+04,0.35095E+02,0.60850E+02,0.25077E+06,0.10587E+03
,936,0.15108E+04,0.35396E+02,0.60187E+02,0.25023E+06,0.10454E+03
,937,0.14992E+04,0.35695E+02,0.59493E+02,0.24968E+06,0.10311E+03
,938,0.14878E+04,0.35991E+02,0.58771E+02,0.24914E+06,0.10159E+03
,939,0.14765E+04,0.36282E+02,0.58019E+02,0.24860E+06,0.99966E+02
,940,0.14652E+04,0.36571E+02,0.57239E+02,0.24806E+06,0.98241E+02
,941,0.14541E+04,0.36857E+02,0.56431E+02,0.24752E+06,0.96410E+02
,942,0.14430E+04,0.37138E+02,0.55595E+02,0.24699E+06,0.94467E+02
,943,0.14322E+04,0.37416E+02,0.54733E+02,0.24645E+06,0.92411E+02
,944,0.14214E+04,0.37690E+02,0.53843E+02,0.24592E+06,0.90237E+02
,945,0.14107E+04,0.37960E+02,0.52927E+02,0.24539E+06,0.87942E+02
,946,0.14002E+04,0.38226E+02,0.51984E+02,0.24485E+06,0.85521E+02
,947,0.13897E+04,0.38489E+02,0.51017E+02,0.24432E+06,0.82971E+02
,948,0.13793E+04,0.38748E+02,0.50025E+02,0.24379E+06,0.80288E+02
,949,0.13691E+04,0.39001E+02,0.49009E+02,0.24327E+06,0.77470E+02
,950,0.13590E+04,0.39250E+02,0.47968E+02,0.24274E+06,0.74511E+02
,951,0.13491E+04,0.39495E+02,0.46904E+02,0.24222E+06,0.71411E+02
,952,0.13393E+04,0.39736E+02,0.45817E+02,0.24169E+06,0.68182E+02
,953,0.13295E+04,0.39971E+02,0.44708E+02,0.24117E+06,0.64837E+02
,954,0.13200E+04,0.40202E+02,0.43576E+02,0.24065E+06,0.61391E+02
,955,0.13105E+04,0.40428E+02,0.42423E+02,0.24013E+06,0.57858E+02
,956,0.13011E+04,0.40649E+02,0.41248E+02,0.23961E+06,0.54252E+02
,957,0.12920E+04,0.40864E+02,0.40054E+02,0.23909E+06,0.50587E+02
,958,0.12829E+04,0.41074E+02,0.38839E+02,0.23858E+06,0.46878E+02
,959,0.12741E+04,0.41280E+02,0.37605E+02,0.23806E+06,0.43138E+02
,960,0.12653E+04,0.41481E+02,0.36353E+02,0.23755E+06,0.39381E+02
,961,0.12567E+04,0.41675E+02,0.35082E+02,0.23704E+06,0.35622E+02
,962,0.12482E+04,0.41865E+02,0.33793E+02,0.23653E+06,0.31875E+02
,963,0.12399E+04,0.42049E+02,0.32487E+02,0.23602E+06,0.28155E+02
,964,0.12318E+04,0.42227E+02,0.31166E+02,0.23551E+06,0.24474E+02
,965,0.12237E+04,0.42400E+02,0.29828E+02,0.23500E+06,0.20848E+02
,966,0.12159E+04,0.42568E+02,0.28475E+02,0.23450E+06,0.17290E+02
,967,0.12082E+04,0.42730E+02,0.27108E+02,0.23399E+06,0.13815E+02
,968,0.12006E+04,0.42885E+02,0.25726E+02,0.23349E+06,0.10437E+02
,969,0.11932E+04,0.43034E+02,0.24331E+02,0.23299E+06,0.71703E+01
,970,0.11860E+04,0.43178E+02,0.22922E+02,0.23249E+06,0.40284E+01
,971,0.11788E+04,0.43317E+02,0.21501E+02,0.23199E+06,0.10258E+01
,972,0.11718E+04,0.43448E+02,0.20068E+02,0.23149E+06,-0.18234E+01
,973,0.11650E+04,0.43573E+02,0.18624E+02,0.23100E+06,-0.45050E+01
,974,0.11584E+04,0.43693E+02,0.17169E+02,0.23050E+06,-0.70048E+01
,975,0.11520E+04,0.43807E+02,0.15704E+02,0.23001E+06,-0.93088E+01
,976,0.11457E+04,0.43914E+02,0.14230E+02,0.22951E+06,-0.11403E+02
,977,0.11395E+04,0.44015E+02,0.12747E+02,0.22902E+06,-0.13272E+02
,978,0.11335E+04,0.44110E+02,0.11256E+02,0.22853E+06,-0.14904E+02
,979,0.11277E+04,0.44199E+02,0.97584E+01,0.22805E+06,-0.16282E+02
,980,0.11220E+04,0.44281E+02,0.82531E+01,0.22756E+06,-0.17394E+02
,981,0.11165E+04,0.44356E+02,0.67414E+01,0.22707E+06,-0.18226E+02
,982,0.11112E+04,0.44426E+02,0.52242E+01,0.22659E+06,-0.18762E+02
,983,0.11060E+04,0.44490E+02,0.37017E+01,0.22610E+06,-0.18989E+02
,984,0.11010E+04,0.44545E+02,0.21745E+01,0.22562E+06,-0.18893E+02
,985,0.10962E+04,0.44595E+02,0.64327E+00,0.22514E+06,-0.18459E+02
,986,0.10914E+04,0.44639E+02,-0.89112E+00,0.22466E+06,-0.17674E+02
,987,0.10868E+04,0.44676E+02,-0.24287E+01,0.22419E+06,-0.16523E+02
,988,0.10825E+04,0.44708E+02,-0.39683E+01,0.22371E+06,-0.14992E+02
,989,0.10783E+04,0.44732E+02,-0.55086E+01,0.22323E+06,-0.13067E+02
,990,0.10743E+04,0.44753E+02,-0.70509E+01,0.22276E+06,-0.10734E+02
,991,0.10704E+04,0.44764E+02,-0.85934E+01,0.22229E+06,-0.79790E+01
,992,0.10667E+04,0.44769E+02,-0.10136E+02,0.22182E+06,-0.47871E+01
,993,0.10631E+04,0.44768E+02,-0.11678E+02,0.22135E+06,-0.11445E+01
,994,0.10597E+04,0.44761E+02,-0.13217E+02,0.22088E+06,0.29629E+01
,995,0.10565E+04,0.44747E+02,-0.14756E+02,0.22041E+06,0.75493E+01
,996,0.10534E+04,0.44725E+02,-0.16291E+02,0.21994E+06,0.12629E+02
,997,0.10505E+04,0.44699E+02,-0.17824E+02,0.21948E+06,0.18215E+02
,998,0.10477E+04,0.44666E+02,-0.19352E+02,0.21902E+06,0.24324E+02
,999,0.10451E+04,0.44627E+02,-0.20876E+02,0.21855E+06,0.30967E+02
,1000,0.10427E+04,0.44581E+02,-0.22396E+02,0.21809E+06,0.38161E+02
,1001,0.10404E+04,0.44529E+02,-0.23910E+02,0.21763E+06,0.45912E+02
,1002,0.10382E+04,0.44470E+02,-0.25417E+02,0.21718E+06,0.54203E+02
,1003,0.10363E+04,0.44405E+02,-0.26918E+02,0.21672E+06,0.63012E+02
,1004,0.10345E+04,0.44334E+02,-0.28412E+02,0.21626E+06,0.72313E+02
,1005,0.10329E+04,0.44257E+02,-0.29897E+02,0.21581E+06,0.82085E+02
,1006,0.10314E+04,0.44173E+02,-0.31374E+02,0.21536E+06,0.92303E+02
,1007,0.10300E+04,0.44083E+02,-0.32842E+02,0.21490E+06,0.10294E+03
,1008,0.10285E+04,0.43987E+02,-0.34299E+02,0.21445E+06,0.11398E+03
,1009,0.10274E+04,0.43885E+02,-0.35747E+02,0.21400E+06,0.12540E+03
,1010,0.10265E+04,0.43778E+02,-0.37183E+02,0.21355E+06,0.13717E+03
,1011,0.10257E+04,0.43665E+02,-0.38608E+02,0.21310E+06,0.14927E+03
,1012,0.10250E+04,0.43546E+02,-0.40023E+02,0.21266E+06,0.16167E+03
,1013,0.10244E+04,0.43422E+02,-0.41423E+02,0.21221E+06,0.17436E+03
,1014,0.10240E+04,0.43291E+02,-0.42812E+02,0.21176E+06,0.18730E+03
,1015,0.10236E+04,0.43156E+02,-0.44186E+02,0.21132E+06,0.20048E+03
,1016,0.10235E+04,0.43014E+02,-0.45547E+02,0.21087E+06,0.21387E+03
,1017,0.10235E+04,0.42868E+02,-0.46894E+02,0.21042E+06,0.22744E+03
,1018,0.10235E+04,0.42715E+02,-0.48225E+02,0.20998E+06,0.24119E+03
,1019,0.10237E+04,0.42558E+02,-0.49541E+02,0.20953E+06,0.25507E+03
,1020,0.10241E+04,0.42394E+02,-0.50841E+02,0.20909E+06,0.26907E+03
,1021,0.10245E+04,0.42225E+02,-0.52125E+02,0.20865E+06,0.28317E+03
,1022,0.10251E+04,0.42052E+02,-0.53392E+02,0.20820E+06,0.29733E+03
,1023,0.10257E+04,0.41873E+02,-0.54639E+02,0.20776E+06,0.31154E+03
,1024,0.10265E+04,0.41688E+02,-0.55870E+02,0.20732E+06,0.32578E+03