,2,0.12225E+04,0.81089E-01,0.43630E+01,0.10829E+07,0.34391E+05
,3,0.11374E+04,0.16338E+00,0.60501E+01,0.16668E+07,0.40994E+05
,4,0.10551E+04,0.22883E+00,0.67671E+01,0.21837E+07,0.44211E+05
,5,0.98844E+03,0.25891E+00,0.67926E+01,0.26395E+07,0.45606E+05
,6,0.93678E+03,0.25076E+00,0.64032E+01,0.30410E+07,0.45956E+05
,7,0.89810E+03,0.21361E+00,0.57813E+01,0.33964E+07,0.45717E+05
,8,0.86972E+03,0.16226E+00,0.50417E+01,0.37121E+07,0.45080E+05
,9,0.84938E+03,0.11087E+00,0.42765E+01,0.39939E+07,0.44137E+05
,10,0.83552E+03,0.69179E-01,0.35536E+01,0.42457E+07,0.42980E+05
,11,0.82711E+03,0.41681E-01,0.29064E+01,0.44717E+07,0.41743E+05
,12,0.82383E+03,0.26151E-01,0.23557E+01,0.46748E+07,0.40505E+05
,13,0.82345E+03,0.19543E-01,0.19104E+01,0.48577E+07,0.39315E+05
,14,0.82505E+03,0.18297E-01,0.15812E+01,0.50223E+07,0.38174E+05
,15,0.82882E+03,0.19085E-01,0.13780E+01,0.51706E+07,0.37068E+05
,16,0.83499E+03,0.19304E-01,0.13023E+01,0.53043E+07,0.35986E+05
,17,0.84322E+03,0.18814E-01,0.13207E+01,0.54247E+07,0.34931E+05
,18,0.85236E+03,0.17849E-01,0.13950E+01,0.55330E+07,0.33909E+05
,19,0.86345E+03,0.16532E-01,0.14950E+01,0.56303E+07,0.32924E+05
,20,0.87496E+03,0.15073E-01,0.15907E+01,0.57179E+07,0.31984E+05
,21,0.88699E+03,0.13796E-01,0.16631E+01,0.57967E+07,0.31091E+05
,22,0.89956E+03,0.12869E-01,0.17117E+01,0.58674E+07,0.30245E+05
,23,0.91246E+03,0.12423E-01,0.17424E+01,0.59304E+07,0.29442E+05
,24,0.92574E+03,0.12533E-01,0.17616E+01,0.59862E+07,0.28678E+05
,25,0.93939E+03,0.13183E-01,0.17748E+01,0.60354E+07,0.27951E+05
,26,0.95325E+03,0.14285E-01,0.17878E+01,0.60783E+07,0.27257E+05
,27,0.96747E+03,0.15738E-01,0.18017E+01,0.61155E+07,0.26593E+05
,28,0.98182E+03,0.17470E-01,0.18172E+01,0.61474E+07,0.25956E+05
,29,0.99642E+03,0.19437E-01,0.18350E+01,0.61746E+07,0.25342E+05
,30,0.10113E+04,0.21610E-01,0.18534E+01,0.61974E+07,0.24749E+05
,31,0.10262E+04,0.23958E-01,0.18709E+01,0.62164E+07,0.24173E+05
,32,0.10412E+04,0.26464E-01,0.18841E+01,0.62317E+07,0.23613E+05
,33,0.10565E+04,0.29101E-01,0.18890E+01,0.62436E+07,0.23071E+05
,34,0.10721E+04,0.31861E-01,0.18829E+01,0.62523E+07,0.22545E+05
,35,0.10878E+04,0.34752E-01,0.18651E+01,0.62579E+07,0.22036E+05
,36,0.11037E+04,0.37803E-01,0.18352E+01,0.62606E+07,0.21544E+05
,37,0.11196E+04,0.41065E-01,0.17935E+01,0.62606E+07,0.21068E+05
,38,0.11359E+04,0.44587E-01,0.17423E+01,0.62582E+07,0.20609E+05
,39,0.11525E+04,0.48374E-01,0.16817E+01,0.62534E+07,0.20166E+05
,40,0.11692E+04,0.52425E-01,0.16112E+01,0.62466E+07,0.19740E+05
,41,0.11861E+04,0.56742E-01,0.15302E+01,0.62378E+07,0.19330E+05
,42,0.12031E+04,0.61335E-01,0.14387E+01,0.62272E+07,0.18934E+05
,43,0.12203E+04,0.66213E-01,0.13371E+01,0.62149E+07,0.18553E+05
,44,0.12375E+04,0.71370E-01,0.12266E+01,0.62010E+07,0.18185E+05
,45,0.12551E+04,0.76810E-01,0.11083E+01,0.61856E+07,0.17827E+05
,46,0.12730E+04,0.82535E-01,0.98124E+00,0.61688E+07,0.17480E+05
,47,0.12911E+04,0.88518E-01,0.84461E+00,0.61507E+07,0.17142E+05
,48,0.13092E+04,0.94730E-01,0.70041E+00,0.61313E+07,0.16812E+05
,49,0.13275E+04,0.10112E+00,0.55004E+00,0.61109E+07,0.16488E+05
,50,0.13461E+04,0.10764E+00,0.38814E+00,0.60894E+07,0.16169E+05
,51,0.13648E+04,0.11423E+00,0.20876E+00,0.60670E+07,0.15855E+05
,52,0.13839E+04,0.12101E+00,0.92874E-02,0.60437E+07,0.15545E+05
,53,0.14030E+04,0.12817E+00,-0.21017E+00,0.60196E+07,0.15241E+05
,54,0.14220E+04,0.13574E+00,-0.44155E+00,0.59948E+07,0.14944E+05
,55,0.14411E+04,0.14374E+00,-0.67667E+00,0.59692E+07,0.14653E+05
,56,0.14606E+04,0.15206E+00,-0.91451E+00,0.59429E+07,0.14371E+05
,57,0.14804E+04,0.16056E+00,-0.11563E+01,0.59160E+07,0.14097E+05
,58,0.15004E+04,0.16923E+00,-0.14050E+01,0.58886E+07,0.13833E+05
,59,0.15206E+04,0.17805E+00,-0.16637E+01,0.58605E+07,0.13579E+05
,60,0.15409E+04,0.18706E+00,-0.19341E+01,0.58320E+07,0.13336E+05
,61,0.15617E+04,0.19632E+00,-0.22171E+01,0.58031E+07,0.13105E+05
,62,0.15822E+04,0.20585E+00,-0.25140E+01,0.57737E+07,0.12885E+05
,63,0.16029E+04,0.21563E+00,-0.28257E+01,0.57440E+07,0.12675E+05
,64,0.16239E+04,0.22572E+00,-0.31532E+01,0.57139E+07,0.12473E+05
,65,0.16449E+04,0.23613E+00,-0.34971E+01,0.56835E+07,0.12279E+05
,66,0.16662E+04,0.24682E+00,-0.38553E+01,0.56528E+07,0.12090E+05
,67,0.16877E+04,0.25777E+00,-0.42249E+01,0.56219E+07,0.11908E+05
,68,0.17095E+04,0.26900E+00,-0.46037E+01,0.55907E+07,0.11729E+05
,69,0.17316E+04,0.28045E+00,-0.49897E+01,0.55594E+07,0.11553E+05
,70,0.17541E+04,0.29214E+00,-0.53842E+01,0.55280E+07,0.11378E+05
,71,0.17768E+04,0.30404E+00,-0.57894E+01,0.54965E+07,0.11205E+05
,72,0.17997E+04,0.31613E+00,-0.62071E+01,0.54648E+07,0.11033E+05
,73,0.18227E+04,0.32841E+00,-0.66384E+01,0.54331E+07,0.10862E+05
,74,0.18459E+04,0.34086E+00,-0.70831E+01,0.54013E+07,0.10693E+05
,75,0.18694E+04,0.35353E+00,-0.75402E+01,0.53695E+07,0.10527E+05
,76,0.18929E+04,0.36642E+00,-0.80094E+01,0.53376E+07,0.10364E+05
,77,0.19167E+04,0.37952E+00,-0.84899E+01,0.53056E+07,0.10203E+05
,78,0.19408E+04,0.39285E+00,-0.89821E+01,0.52737E+07,0.10046E+05
,79,0.19650E+04,0.40632E+00,-0.94814E+01,0.52417E+07,0.98938E+04
,80,0.19896E+04,0.41994E+00,-0.99882E+01,0.52097E+07,0.97457E+04
,81,0.20143E+04,0.43365E+00,-0.10502E+02,0.51778E+07,0.96024E+04
,82,0.20394E+04,0.44746E+00,-0.11023E+02,0.51458E+07,0.94637E+04
,83,0.20646E+04,0.46134E+00,-0.11551E+02,0.51139E+07,0.93294E+04
,84,0.20902E+04,0.47528E+00,-0.12084E+02,0.50821E+07,0.91991E+04
,85,0.21159E+04,0.48927E+00,-0.12624E+02,0.50502E+07,0.90725E+04
,86,0.21418E+04,0.50332E+00,-0.13171E+02,0.50185E+07,0.89493E+04
,87,0.21681E+04,0.51737E+00,-0.13723E+02,0.49869E+07,0.88293E+04
,88,0.21944E+04,0.53146E+00,-0.14281E+02,0.49553E+07,0.87120E+04
,89,0.22210E+04,0.54555E+00,-0.14846E+02,0.49239E+07,0.85972E+04
,90,0.22478E+04,0.55960E+00,-0.15416E+02,0.48925E+07,0.84846E+04
,91,0.22748E+04,0.57361E+00,-0.15991E+02,0.48614E+07,0.83740E+04
,92,0.23020E+04,0.58756E+00,-0.16571E+02,0.48303E+07,0.82652E+04
,93,0.23294E+04,0.60145E+00,-0.17155E+02,0.47994E+07,0.81582E+04
,94,0.23569E+04,0.61525E+00,-0.17743E+02,0.47686E+07,0.80530E+04
,95,0.23847E+04,0.62895E+00,-0.18335E+02,0.47380E+07,0.79495E+04
,96,0.24124E+04,0.64256E+00,-0.18930E+02,0.47075E+07,0.78478E+04
,97,0.24406E+04,0.65606E+00,-0.19527E+02,0.46772E+07,0.77478E+04
,98,0.24689E+04,0.66944E+00,-0.20126E+02,0.46470E+07,0.76494E+04
,99,0.24973E+04,0.68268E+00,-0.20727E+02,0.46170E+07,0.75526E+04
,100,0.25260E+04,0.69577E+00,-0.21328E+02,0.45872E+07,0.74575E+04
,101,0.25548E+04,0.70879E+00,-0.21931E+02,0.45575E+07,0.73639E+04
,102,0.25841E+04,0.72159E+00,-0.22533E+02,0.45280E+07,0.72718E+04
,103,0.26133E+04,0.73425E+00,-0.23137E+02,0.44987E+07,0.71812E+04
,104,0.26427E+04,0.74677E+00,-0.23738E+02,0.44695E+07,0.70922E+04
,105,0.26723E+04,0.75908E+00,-0.24338E+02,0.44405E+07,0.70045E+04
,106,0.27020E+04,0.77126E+00,-0.24937E+02,0.44117E+07,0.69183E+04
,107,0.27317E+04,0.78317E+00,-0.25532E+02,0.43830E+07,0.68334E+04
,108,0.27618E+04,0.79489E+00,-0.26126E+02,0.43546E+07,0.67499E+04
,109,0.27920E+04,0.80634E+00,-0.26717E+02,0.43263E+07,0.66677E+04
,110,0.28222E+04,0.81753E+00,-0.27302E+02,0.42982E+07,0.65867E+04
,111,0.28526E+04,0.82854E+00,-0.27883E+02,0.42704E+07,0.65071E+04
,112,0.28832E+04,0.83930E+00,-0.28461E+02,0.42427E+07,0.64287E+04
,113,0.29139E+04,0.84980E+00,-0.29033E+02,0.42152E+07,0.63515E+04
,114,0.29447E+04,0.85997E+00,-0.29598E+02,0.41879E+07,0.62757E+04
,115,0.29758E+04,0.86996E+00,-0.30158E+02,0.41608E+07,0.62011E+04
,116,0.30068E+04,0.87955E+00,-0.30710E+02,0.41339E+07,0.61278E+04
,117,0.30382E+04,0.88881E+00,-0.31254E+02,0.41071E+07,0.60559E+04
,118,0.30696E+04,0.89788E+00,-0.31791E+02,0.40806E+07,0.59853E+04
,119,0.31011E+04,0.90663E+00,-0.32319E+02,0.40543E+07,0.59160E+04
,120,0.31327E+04,0.91489E+00,-0.32838E+02,0.40282E+07,0.58481E+04
,121,0.31643E+04,0.92297E+00,-0.33347E+02,0.40022E+07,0.57816E+04
,122,0.31959E+04,0.93058E+00,-0.33847E+02,0.39765E+07,0.57164E+04
,123,0.32277E+04,0.93777E+00,-0.34337E+02,0.39509E+07,0.56526E+04
,124,0.32594E+04,0.94464E+00,-0.34813E+02,0.39256E+07,0.55902E+04
,125,0.32912E+04,0.95110E+00,-0.35279E+02,0.39004E+07,0.55292E+04
,126,0.33230E+04,0.95722E+00,-0.35734E+02,0.38755E+07,0.54696E+04
,127,0.33548E+04,0.96287E+00,-0.36177E+02,0.38507E+07,0.54115E+04
,128,0.33866E+04,0.96819E+00,-0.36607E+02,0.38261E+07,0.53548E+04
,129,0.34185E+04,0.97302E+00,-0.37023E+02,0.38018E+07,0.52996E+04
,130,0.34503E+04,0.97737E+00,-0.37426E+02,0.37776E+07,0.52458E+04
,131,0.34822E+04,0.98139E+00,-0.37815E+02,0.37536E+07,0.51935E+04
,132,0.35141E+04,0.98492E+00,-0.38189E+02,0.37298E+07,0.51426E+04
,133,0.35458E+04,0.98805E+00,-0.38549E+02,0.37062E+07,0.50930E+04
,134,0.35776E+04,0.99077E+00,-0.38892E+02,0.36828E+07,0.50447E+04
,135,0.36094E+04,0.99301E+00,-0.39220E+02,0.36596E+07,0.49975E+04
,136,0.36410E+04,0.99477E+00,-0.39530E+02,0.36366E+07,0.49514E+04
,137,0.36726E+04,0.99612E+00,-0.39823E+02,0.36138E+07,0.49063E+04
,138,0.37042E+04,0.99699E+00,-0.40099E+02,0.35912E+07,0.48621E+04
,139,0.37355E+04,0.99753E+00,-0.40356E+02,0.35687E+07,0.48187E+04
,140,0.37668E+04,0.99750E+00,-0.40597E+02,0.35464E+07,0.47762E+04
,141,0.37980E+04,0.99700E+00,-0.40817E+02,0.35244E+07,0.47343E+04
,142,0.38292E+04,0.99609E+00,-0.41019E+02,0.35025E+07,0.46930E+04
,143,0.38603E+04,0.99477E+00,-0.41202E+02,0.34808E+07,0.46522E+04
,144,0.38911E+04,0.99297E+00,-0.41365E+02,0.34592E+07,0.46118E+04
,145,0.39219E+04,0.99083E+00,-0.41508E+02,0.34379E+07,0.45719E+04
,146,0.39527E+04,0.98814E+00,-0.41631E+02,0.34167E+07,0.45322E+04
,147,0.39831E+04,0.98511E+00,-0.41733E+02,0.33957E+07,0.44927E+04
,148,0.40134E+04,0.98160E+00,-0.41814E+02,0.33749E+07,0.44534E+04
,149,0.40437E+04,0.97768E+00,-0.41875E+02,0.33542E+07,0.44140E+04
,150,0.40737E+04,0.97343E+00,-0.41911E+02,0.33337E+07,0.43747E+04
,151,0.41035E+04,0.96877E+00,-0.41927E+02,0.33134E+07,0.43353E+04
,152,0.41331E+04,0.96363E+00,-0.41921E+02,0.32933E+07,0.42957E+04
,153,0.41625E+04,0.95815E+00,-0.41890E+02,0.32733E+07,0.42562E+04
,154,0.41918E+04,0.95233E+00,-0.41838E+02,0.32535E+07,0.42166E+04
,155,0.42208E+04,0.94618E+00,-0.41762E+02,0.32339E+07,0.41770E+04
,156,0.42495E+04,0.93969E+00,-0.41664E+02,0.32144E+07,0.41374E+04
,157,0.42781E+04,0.93286E+00,-0.41542E+02,0.31951E+07,0.40979E+04
,158,0.43064E+04,0.92577E+00,-0.41396E+02,0.31760E+07,0.40584E+04
,159,0.43344E+04,0.91826E+00,-0.41226E+02,0.31570E+07,0.40191E+04
,160,0.43623E+04,0.91049E+00,-0.41032E+02,0.31382E+07,0.39799E+04
,161,0.43899E+04,0.90253E+00,-0.40814E+02,0.31195E+07,0.39409E+04
,162,0.44173E+04,0.89422E+00,-0.40572E+02,0.31010E+07,0.39021E+04
,163,0.44445E+04,0.88565E+00,-0.40305E+02,0.30827E+07,0.38635E+04
,164,0.44713E+04,0.87688E+00,-0.40015E+02,0.30645E+07,0.38252E+04
,165,0.44979E+04,0.86785E+00,-0.39700E+02,0.30465E+07,0.37871E+04
,166,0.45243E+04,0.85869E+00,-0.39360E+02,0.30286E+07,0.37494E+04
,167,0.45504E+04,0.84919E+00,-0.38996E+02,0.30109E+07,0.37120E+04
,168,0.45761E+04,0.83972E+00,-0.38607E+02,0.29933E+07,0.36750E+04
,169,0.46016E+04,0.82997E+00,-0.38192E+02,0.29759E+07,0.36384E+04
,170,0.46267E+04,0.82018E+00,-0.37753E+02,0.29587E+07,0.36022E+04
,171,0.46514E+04,0.81033E+00,-0.37287E+02,0.29416E+07,0.35664E+04
,172,0.46758E+04,0.80036E+00,-0.36796E+02,0.29246E+07,0.35312E+04
,173,0.46997E+04,0.79027E+00,-0.36281E+02,0.29078E+07,0.34964E+04
,174,0.47233E+04,0.78034E+00,-0.35741E+02,0.28911E+07,0.34622E+04
,175,0.47466E+04,0.77029E+00,-0.35174E+02,0.28746E+07,0.34286E+04
,176,0.47693E+04,0.76033E+00,-0.34583E+02,0.28582E+07,0.33955E+04
,177,0.47917E+04,0.75040E+00,-0.33967E+02,0.28419E+07,0.33630E+04
,178,0.48137E+04,0.74070E+00,-0.33325E+02,0.28258E+07,0.33311E+04
,179,0.48352E+04,0.73094E+00,-0.32657E+02,0.28099E+07,0.32998E+04
,180,0.48564E+04,0.72134E+00,-0.31966E+02,0.27940E+07,0.32689E+04
,181,0.48771E+04,0.71189E+00,-0.31250E+02,0.27783E+07,0.32386E+04
,182,0.48974E+04,0.70267E+00,-0.30508E+02,0.27628E+07,0.32088E+04
,183,0.49173E+04,0.69360E+00,-0.29743E+02,0.27474E+07,0.31794E+04
,184,0.49367E+04,0.68475E+00,-0.28952E+02,0.27321E+07,0.31505E+04
,185,0.49557E+04,0.67626E+00,-0.28138E+02,0.27169E+07,0.31220E+04
,186,0.49739E+04,0.66800E+00,-0.27299E+02,0.27019E+07,0.30940E+04
,187,0.49920E+04,0.66010E+00,-0.26435E+02,0.26870E+07,0.30664E+04
,188,0.50096E+04,0.65255E+00,-0.25549E+02,0.26722E+07,0.30391E+04
,189,0.50267E+04,0.64537E+00,-0.24638E+02,0.26575E+07,0.30122E+04
,190,0.50436E+04,0.63862E+00,-0.23706E+02,0.26430E+07,0.29857E+04
,191,0.50596E+04,0.63231E+00,-0.22748E+02,0.26286E+07,0.29595E+04
,192,0.50753E+04,0.62647E+00,-0.21767E+02,0.26143E+07,0.29337E+04
,193,0.50905E+04,0.62113E+00,-0.20765E+02,0.26002E+07,0.29081E+04
,194,0.51053E+04,0.61633E+00,-0.19740E+02,0.25861E+07,0.28828E+04
,195,0.51195E+04,0.61210E+00,-0.18693E+02,0.25722E+07,0.28578E+04
,196,0.51332E+04,0.60847E+00,-0.17624E+02,0.25584E+07,0.28331E+04
,197,0.51464E+04,0.60548E+00,-0.16534E+02,0.25447E+07,0.28085E+04
,198,0.51592E+04,0.60316E+00,-0.15423E+02,0.25311E+07,0.27842E+04
,199,0.51715E+04,0.60154E+00,-0.14292E+02,0.25176E+07,0.27601E+04
,200,0.51833E+04,0.60063E+00,-0.13140E+02,0.25042E+07,0.27362E+04
,201,0.51946E+04,0.60052E+00,-0.11968E+02,0.24910E+07,0.27124E+04
,202,0.52053E+04,0.60118E+00,-0.10777E+02,0.24778E+07,0.26888E+04
,203,0.52156E+04,0.60269E+00,-0.95653E+01,0.24648E+07,0.26654E+04
,204,0.52251E+04,0.60506E+00,-0.83368E+01,0.24518E+07,0.26421E+04
,205,0.52343E+04,0.60834E+00,-0.70890E+01,0.24390E+07,0.26190E+04
,206,0.52427E+04,0.61256E+00,-0.58231E+01,0.24263E+07,0.25961E+04
,207,0.52507E+04,0.61773E+00,-0.45394E+01,0.24137E+07,0.25733E+04
,208,0.52580E+04,0.62392E+00,-0.32384E+01,0.24011E+07,0.25507E+04
,209,0.52647E+04,0.63113E+00,-0.19206E+01,0.23887E+07,0.25283E+04
,210,0.52709E+04,0.63942E+00,-0.58666E+00,0.23764E+07,0.25060E+04
,211,0.52765E+04,0.64882E+00,0.76332E+00,0.23642E+07,0.24839E+04
,212,0.52814E+04,0.65935E+00,0.21285E+01,0.23521E+07,0.24620E+04
,213,0.52859E+04,0.67105E+00,0.35089E+01,0.23400E+07,0.24402E+04
,214,0.52897E+04,0.68392E+00,0.49034E+01,0.23281E+07,0.24186E+04
,215,0.52929E+04,0.69814E+00,0.63113E+01,0.23163E+07,0.23972E+04
,216,0.52955E+04,0.71353E+00,0.77331E+01,0.23045E+07,0.23759E+04
,217,0.52976E+04,0.73025E+00,0.91669E+01,0.22929E+07,0.23548E+04
,218,0.52991E+04,0.74828E+00,0.10613E+02,0.22813E+07,0.23339E+04
,219,0.53001E+04,0.76762E+00,0.12072E+02,0.22699E+07,0.23131E+04
,220,0.53004E+04,0.78843E+00,0.13541E+02,0.22585E+07,0.22925E+04
,221,0.53002E+04,0.81062E+00,0.15020E+02,0.22472E+07,0.22721E+04
,222,0.52995E+04,0.83435E+00,0.16509E+02,0.22361E+07,0.22519E+04
,223,0.52980E+04,0.85953E+00,0.18009E+02,0.22250E+07,0.22318E+04
,224,0.52962E+04,0.88616E+00,0.19515E+02,0.22140E+07,0.22119E+04
,225,0.52937E+04,0.91439E+00,0.21031E+02,0.22030E+07,0.21921E+04
,226,0.52906E+04,0.94422E+00,0.22553E+02,0.21922E+07,0.21726E+04
,227,0.52869E+04,0.97563E+00,0.24083E+02,0.21815E+07,0.21532E+04
,228,0.52828E+04,0.10086E+01,0.25620E+02,0.21708E+07,0.21340E+04
,229,0.52780E+04,0.10433E+01,0.27161E+02,0.21602E+07,0.21149E+04
,230,0.52726E+04,0.10796E+01,0.28707E+02,0.21497E+07,0.20961E+04
,231,0.52666E+04,0.11177E+01,0.30259E+02,0.21393E+07,0.20774E+04
,232,0.52601E+04,0.11574E+01,0.31813E+02,0.21290E+07,0.20588E+04
,233,0.52531E+04,0.11990E+01,0.33370E+02,0.21187E+07,0.20405E+04
,234,0.52453E+04,0.12423E+01,0.34930E+02,0.21085E+07,0.20223E+04
,235,0.52371E+04,0.12875E+01,0.36491E+02,0.20984E+07,0.20043E+04
,236,0.52282E+04,0.13344E+01,0.38053E+02,0.20884E+07,0.19865E+04
,237,0.52187E+04,0.13831E+01,0.39616E+02,0.20784E+07,0.19688E+04
,238,0.52087E+04,0.14339E+01,0.41178E+02,0.20686E+07,0.19513E+04
,239,0.51982E+04,0.14863E+01,0.42740E+02,0.20588E+07,0.19340E+04
,240,0.51870E+04,0.15407E+01,0.44298E+02,0.20490E+07,0.19169E+04
,241,0.51754E+04,0.15971E+01,0.45855E+02,0.20394E+07,0.19000E+04
,242,0.51632E+04,0.16553E+01,0.47409E+02,0.20298E+07,0.18832E+04
,243,0.51505E+04,0.17155E+01,0.48958E+02,0.20203E+07,0.18666E+04
,244,0.51372E+04,0.17776E+01,0.50504E+02,0.20109E+07,0.18502E+04
,245,0.51233E+04,0.18418E+01,0.52044E+02,0.20015E+07,0.18339E+04
,246,0.51089E+04,0.19079E+01,0.53579E+02,0.19922E+07,0.18179E+04
,247,0.50941E+04,0.19759E+01,0.55107E+02,0.19830E+07,0.18020E+04
,248,0.50787E+04,0.20462E+01,0.56627E+02,0.19738E+07,0.17863E+04
,249,0.50628E+04,0.21183E+01,0.58140E+02,0.19647E+07,0.17708E+04
,250,0.50464E+04,0.21926E+01,0.59644E+02,0.19556E+07,0.17554E+04
,251,0.50296E+04,0.22688E+01,0.61140E+02,0.19467E+07,0.17403E+04
,252,0.50122E+04,0.23471E+01,0.62625E+02,0.19378E+07,0.17253E+04
,253,0.49945E+04,0.24273E+01,0.64100E+02,0.19289E+07,0.17104E+04
,254,0.49762E+04,0.25098E+01,0.65563E+02,0.19201E+07,0.16958E+04
,255,0.49574E+04,0.25941E+01,0.67015E+02,0.19114E+07,0.16813E+04
,256,0.49382E+04,0.26808E+01,0.68456E+02,0.19027E+07,0.16670E+04
,257,0.49186E+04,0.27692E+01,0.69878E+02,0.18941E+07,0.16529E+04
,258,0.48985E+04,0.28599E+01,0.71293E+02,0.18856E+07,0.16389E+04
,259,0.48780E+04,0.29527E+01,0.72687E+02,0.18771E+07,0.16251E+04
,260,0.48571E+04,0.30475E+01,0.74074E+02,0.18687E+07,0.16114E+04
,261,0.48357E+04,0.31444E+01,0.75433E+02,0.18603E+07,0.15979E+04
,262,0.48139E+04,0.32434E+01,0.76785E+02,0.18520E+07,0.15845E+04
,263,0.47919E+04,0.33444E+01,0.78123E+02,0.18437E+07,0.15713E+04
,264,0.47694E+04,0.34476E+01,0.79440E+02,0.18355E+07,0.15583E+04
,265,0.47463E+04,0.35527E+01,0.80729E+02,0.18274E+07,0.15454E+04
,266,0.47230E+04,0.36601E+01,0.82012E+02,0.18193E+07,0.15326E+04
,267,0.46992E+04,0.37693E+01,0.83266E+02,0.18113E+07,0.15200E+04
,268,0.46750E+04,0.38807E+01,0.84506E+02,0.18033E+07,0.15075E+04
,269,0.46503E+04,0.39941E+01,0.85725E+02,0.17954E+07,0.14951E+04
,270,0.46254E+04,0.41095E+01,0.86924E+02,0.17875E+07,0.14829E+04
,271,0.46001E+04,0.42268E+01,0.88102E+02,0.17797E+07,0.14708E+04
,272,0.45746E+04,0.43464E+01,0.89251E+02,0.17720E+07,0.14588E+04
,273,0.45487E+04,0.44676E+01,0.90387E+02,0.17643E+07,0.14470E+04
,274,0.45225E+04,0.45911E+01,0.91488E+02,0.17566E+07,0.14352E+04
,275,0.44960E+04,0.47163E+01,0.92575E+02,0.17490E+07,0.14236E+04
,276,0.44692E+04,0.48434E+01,0.93627E+02,0.17415E+07,0.14122E+04
,277,0.44420E+04,0.49725E+01,0.94666E+02,0.17340E+07,0.14008E+04
,278,0.44146E+04,0.51035E+01,0.95669E+02,0.17265E+07,0.13895E+04
,279,0.43869E+04,0.52363E+01,0.96644E+02,0.17191E+07,0.13784E+04
,280,0.43590E+04,0.53708E+01,0.97606E+02,0.17118E+07,0.13674E+04
,281,0.43309E+04,0.55073E+01,0.98533E+02,0.17045E+07,0.13564E+04
,282,0.43023E+04,0.56453E+01,0.99433E+02,0.16972E+07,0.13456E+04
,283,0.42737E+04,0.57852E+01,0.10030E+03,0.16900E+07,0.13349E+04
,284,0.42448E+04,0.59268E+01,0.10115E+03,0.16828E+07,0.13242E+04
,285,0.42157E+04,0.60702E+01,0.10196E+03,0.16757E+07,0.13137E+04
,286,0.41864E+04,0.62151E+01,0.10274E+03,0.16687E+07,0.13032E+04
,287,0.41568E+04,0.63616E+01,0.10351E+03,0.16616E+07,0.12929E+04
,288,0.41271E+04,0.65098E+01,0.10423E+03,0.16547E+07,0.12826E+04
,289,0.40972E+04,0.66594E+01,0.10493E+03,0.16477E+07,0.12725E+04
,290,0.40671E+04,0.68105E+01,0.10560E+03,0.16408E+07,0.12624E+04
,291,0.40369E+04,0.69636E+01,0.10623E+03,0.16340E+07,0.12523E+04
,292,0.40063E+04,0.71178E+01,0.10684E+03,0.16272E+07,0.12424E+04
,293,0.39758E+04,0.72726E+01,0.10740E+03,0.16204E+07,0.12325E+04
,294,0.39450E+04,0.74296E+01,0.10795E+03,0.16137E+07,0.12227E+04
,295,0.39144E+04,0.75872E+01,0.10846E+03,0.16070E+07,0.12130E+04
,296,0.38834E+04,0.77469E+01,0.10893E+03,0.16004E+07,0.12034E+04
,297,0.38523E+04,0.79065E+01,0.10938E+03,0.15938E+07,0.11938E+04
,298,0.38211E+04,0.80683E+01,0.10979E+03,0.15873E+07,0.11843E+04
,299,0.37898E+04,0.82315E+01,0.11016E+03,0.15807E+07,0.11748E+04
,300,0.37585E+04,0.83945E+01,0.11050E+03,0.15743E+07,0.11654E+04
,301,0.37270E+04,0.85590E+01,0.11082E+03,0.15678E+07,0.11561E+04
,302,0.36955E+04,0.87241E+01,0.11110E+03,0.15614E+07,0.11468E+04
,303,0.36640E+04,0.88907E+01,0.11134E+03,0.15551E+07,0.11375E+04
,304,0.36324E+04,0.90586E+01,0.11155E+03,0.15488E+07,0.11284E+04
,305,0.36008E+04,0.92265E+01,0.11172E+03,0.15425E+07,0.11192E+04
,306,0.35692E+04,0.93951E+01,0.11186E+03,0.15362E+07,0.11101E+04
,307,0.35375E+04,0.95643E+01,0.11196E+03,0.15300E+07,0.11011E+04
,308,0.35058E+04,0.97358E+01,0.11204E+03,0.15238E+07,0.10921E+04
,309,0.34742E+04,0.99064E+01,0.11207E+03,0.15177E+07,0.10832E+04
,310,0.34426E+04,0.10077E+02,0.11207E+03,0.15116E+07,0.10744E+04
,311,0.34110E+04,0.10250E+02,0.11203E+03,0.15055E+07,0.10655E+04
,312,0.33795E+04,0.10422E+02,0.11196E+03,0.14995E+07,0.10567E+04
,313,0.33479E+04,0.10595E+02,0.11185E+03,0.14935E+07,0.10480E+04
,314,0.33165E+04,0.10768E+02,0.11171E+03,0.14875E+07,0.10393E+04
,315,0.32851E+04,0.10941E+02,0.11153E+03,0.14816E+07,0.10307E+04
,316,0.32538E+04,0.11114E+02,0.11132E+03,0.14757E+07,0.10221E+04
,317,0.32226E+04,0.11287E+02,0.11107E+03,0.14699E+07,0.10136E+04
,318,0.31914E+04,0.11461E+02,0.11079E+03,0.14641E+07,0.10051E+04
,319,0.31604E+04,0.11635E+02,0.11047E+03,0.14583E+07,0.99660E+03
,320,0.31295E+04,0.11808E+02,0.11013E+03,0.14525E+07,0.98819E+03
,321,0.30987E+04,0.11982E+02,0.10974E+03,0.14468E+07,0.97982E+03
,322,0.30680E+04,0.12155E+02,0.10931E+03,0.14411E+07,0.97148E+03
,323,0.30375E+04,0.12328E+02,0.10886E+03,0.14354E+07,0.96319E+03
,324,0.30071E+04,0.12501E+02,0.10836E+03,0.14298E+07,0.95494E+03
,325,0.29769E+04,0.12672E+02,0.10784E+03,0.14242E+07,0.94673E+03
,326,0.29468E+04,0.12844E+02,0.10727E+03,0.14187E+07,0.93856E+03
,327,0.29169E+04,0.13016E+02,0.10667E+03,0.14131E+07,0.93043E+03
,328,0.28872E+04,0.13186E+02,0.10605E+03,0.14076E+07,0.92233E+03
,329,0.28576E+04,0.13356E+02,0.10538E+03,0.14022E+07,0.91427E+03
,330,0.28282E+04,0.13524E+02,0.10468E+03,0.13967E+07,0.90625E+03
,331,0.27992E+04,0.13692E+02,0.10395E+03,0.13913E+07,0.89826E+03
,332,0.27702E+04,0.13861E+02,0.10319E+03,0.13859E+07,0.89030E+03
,333,0.27415E+04,0.14027E+02,0.10240E+03,0.13806E+07,0.88239E+03
,334,0.27131E+04,0.14193E+02,0.10157E+03,0.13753E+07,0.87450E+03
,335,0.26848E+04,0.14357E+02,0.10071E+03,0.13700E+07,0.86665E+03
,336,0.26567E+04,0.14520E+02,0.99814E+02,0.13647E+07,0.85882E+03
,337,0.26290E+04,0.14683E+02,0.98881E+02,0.13595E+07,0.85103E+03
,338,0.26014E+04,0.14844E+02,0.97927E+02,0.13543E+07,0.84327E+03
,339,0.25742E+04,0.15004E+02,0.96938E+02,0.13491E+07,0.83554E+03
,340,0.25472E+04,0.15163E+02,0.95929E+02,0.13439E+07,0.82784E+03
,341,0.25205E+04,0.15319E+02,0.94877E+02,0.13388E+07,0.82017E+03
,342,0.24940E+04,0.15475E+02,0.93797E+02,0.13337E+07,0.81253E+03
,343,0.24679E+04,0.15629E+02,0.92689E+02,0.13287E+07,0.80491E+03
,344,0.24421E+04,0.15781E+02,0.91554E+02,0.13236E+07,0.79732E+03
,345,0.24164E+04,0.15932E+02,0.90390E+02,0.13186E+07,0.78975E+03
,346,0.23912E+04,0.16081E+02,0.89206E+02,0.13136E+07,0.78222E+03
,347,0.23662E+04,0.16228E+02,0.87986E+02,0.13087E+07,0.77470E+03
,348,0.23415E+04,0.16373E+02,0.86739E+02,0.13037E+07,0.76721E+03
,349,0.23172E+04,0.16516E+02,0.85463E+02,0.12988E+07,0.75974E+03
,350,0.22932E+04,0.16657E+02,0.84167E+02,0.12939E+07,0.75230E+03
,351,0.22696E+04,0.16796E+02,0.82843E+02,0.12891E+07,0.74487E+03
,352,0.22462E+04,0.16934E+02,0.81490E+02,0.12842E+07,0.73747E+03
,353,0.22232E+04,0.17068E+02,0.80125E+02,0.12794E+07,0.73009E+03
,354,0.22005E+04,0.17201E+02,0.78723E+02,0.12746E+07,0.72274E+03
,355,0.21782E+04,0.17331E+02,0.77301E+02,0.12699E+07,0.71541E+03
,356,0.21563E+04,0.17459E+02,0.75865E+02,0.12651E+07,0.70811E+03
,357,0.21347E+04,0.17585E+02,0.74401E+02,0.12604E+07,0.70083E+03
,358,0.21135E+04,0.17707E+02,0.72923E+02,0.12557E+07,0.69358E+03
,359,0.20926E+04,0.17827E+02,0.71417E+02,0.12510E+07,0.68635E+03
,360,0.20721E+04,0.17945E+02,0.69893E+02,0.12464E+07,0.67915E+03
,361,0.20519E+04,0.18060E+02,0.68348E+02,0.12418E+07,0.67199E+03
,362,0.20322E+04,0.18173E+02,0.66783E+02,0.12372E+07,0.66485E+03
,363,0.20128E+04,0.18283E+02,0.65202E+02,0.12326E+07,0.65774E+03
,364,0.19938E+04,0.18389E+02,0.63600E+02,0.12280E+07,0.65066E+03
,365,0.19752E+04,0.18494E+02,0.61983E+02,0.12235E+07,0.64362E+03
,366,0.19570E+04,0.18595E+02,0.60348E+02,0.12190E+07,0.63661E+03
,367,0.19392E+04,0.18692E+02,0.58698E+02,0.12145E+07,0.62963E+03
,368,0.19217E+04,0.18787E+02,0.57034E+02,0.12100E+07,0.62268E+03
,369,0.19048E+04,0.18880E+02,0.55353E+02,0.12056E+07,0.61577E+03
,370,0.18882E+04,0.18969E+02,0.53661E+02,0.12012E+07,0.60889E+03
,371,0.18719E+04,0.19054E+02,0.51954E+02,0.11968E+07,0.60205E+03
,372,0.18561E+04,0.19137E+02,0.50236E+02,0.11924E+07,0.59524E+03
,373,0.18407E+04,0.19216E+02,0.48505E+02,0.11880E+07,0.58848E+03
,374,0.18257E+04,0.19293E+02,0.46764E+02,0.11837E+07,0.58175E+03
,375,0.18111E+04,0.19366E+02,0.45012E+02,0.11794E+07,0.57506E+03
,376,0.17969E+04,0.19436E+02,0.43250E+02,0.11751E+07,0.56840E+03
,377,0.17832E+04,0.19502E+02,0.41482E+02,0.11708E+07,0.56179E+03
,378,0.17698E+04,0.19565E+02,0.39703E+02,0.11666E+07,0.55522E+03
,379,0.17568E+04,0.19625E+02,0.37918E+02,0.11623E+07,0.54869E+03
,380,0.17443E+04,0.19682E+02,0.36125E+02,0.11581E+07,0.54220E+03
,381,0.17322E+04,0.19733E+02,0.34326E+02,0.11539E+07,0.53576E+03
,382,0.17204E+04,0.19782E+02,0.32524E+02,0.11498E+07,0.52936E+03
,383,0.17091E+04,0.19828E+02,0.30715E+02,0.11456E+07,0.52300E+03
,384,0.16983E+04,0.19869E+02,0.28903E+02,0.11415E+07,0.51669E+03
,385,0.16878E+04,0.19908E+02,0.27088E+02,0.11374E+07,0.51042E+03
,386,0.16778E+04,0.19943E+02,0.25271E+02,0.11333E+07,0.50420E+03
,387,0.16681E+04,0.19974E+02,0.23453E+02,0.11292E+07,0.49802E+03
,388,0.16588E+04,0.20001E+02,0.21633E+02,0.11252E+07,0.49190E+03
,389,0.16500E+04,0.20023E+02,0.19814E+02,0.11211E+07,0.48582E+03
,390,0.16416E+04,0.20044E+02,0.17996E+02,0.11171E+07,0.47979E+03
,391,0.16336E+04,0.20061E+02,0.16178E+02,0.11131E+07,0.47381E+03
,392,0.16259E+04,0.20075E+02,0.14364E+02,0.11091E+07,0.46788E+03
,393,0.16188E+04,0.20085E+02,0.12551E+02,0.11052E+07,0.46201E+03
,394,0.16119E+04,0.20091E+02,0.10744E+02,0.11012E+07,0.45618E+03
,395,0.16055E+04,0.20093E+02,0.89386E+01,0.10973E+07,0.45041E+03
,396,0.15995E+04,0.20091E+02,0.71402E+01,0.10934E+07,0.44469E+03
,397,0.15938E+04,0.20086E+02,0.53468E+01,0.10895E+07,0.43902E+03
,398,0.15886E+04,0.20077E+02,0.35598E+01,0.10857E+07,0.43341E+03
,399,0.15837E+04,0.20065E+02,0.17799E+01,0.10818E+07,0.42786E+03
,400,0.15792E+04,0.20049E+02,0.79477E-02,0.10780E+07,0.42236E+03
,401,0.15751E+04,0.20029E+02,-0.17554E+01,0.10742E+07,0.41691E+03
,402,0.15714E+04,0.20005E+02,-0.35094E+01,0.10704E+07,0.41152E+03
,403,0.15680E+04,0.19978E+02,-0.52534E+01,0.10666E+07,0.40619E+03
,404,0.15651E+04,0.19947E+02,-0.69859E+01,0.10628E+07,0.40091E+03
,405,0.15625E+04,0.19912E+02,-0.87078E+01,0.10591E+07,0.39569E+03
,406,0.15602E+04,0.19874E+02,-0.10417E+02,0.10553E+07,0.39051E+03
,407,0.15583E+04,0.19832E+02,-0.12114E+02,0.10516E+07,0.38539E+03
,408,0.15568E+04,0.19786E+02,-0.13796E+02,0.10479E+07,0.38031E+03
,409,0.15557E+04,0.19738E+02,-0.15465E+02,0.10443E+07,0.37528E+03
,410,0.15549E+04,0.19685E+02,-0.17119E+02,0.10406E+07,0.37030E+03
,411,0.15545E+04,0.19629E+02,-0.18757E+02,0.10369E+07,0.36537E+03
,412,0.15544E+04,0.19570E+02,-0.20379E+02,0.10333E+07,0.36048E+03
,413,0.15546E+04,0.19507E+02,-0.21984E+02,0.10297E+07,0.35564E+03
,414,0.15551E+04,0.19441E+02,-0.23571E+02,0.10261E+07,0.35083E+03
,415,0.15561E+04,0.19372E+02,-0.25140E+02,0.10225E+07,0.34607E+03
,416,0.15573E+04,0.19299E+02,-0.26691E+02,0.10190E+07,0.34135E+03
,417,0.15588E+04,0.19223E+02,-0.28223E+02,0.10154E+07,0.33667E+03
,418,0.15606E+04,0.19142E+02,-0.29734E+02,0.10119E+07,0.33203E+03
,419,0.15628E+04,0.19059E+02,-0.31225E+02,0.10084E+07,0.32743E+03
,420,0.15653E+04,0.18973E+02,-0.32694E+02,0.10049E+07,0.32286E+03
,421,0.15682E+04,0.18884E+02,-0.34142E+02,0.10014E+07,0.31833E+03
,422,0.15713E+04,0.18791E+02,-0.35568E+02,0.99790E+06,0.31383E+03
,423,0.15746E+04,0.18695E+02,-0.36971E+02,0.99444E+06,0.30937E+03
,424,0.15783E+04,0.18595E+02,-0.38351E+02,0.99100E+06,0.30494E+03
,425,0.15822E+04,0.18493E+02,-0.39706E+02,0.98758E+06,0.30054E+03
,426,0.15865E+04,0.18388E+02,-0.41037E+02,0.98417E+06,0.29617E+03
,427,0.15910E+04,0.18280E+02,-0.42345E+02,0.98078E+06,0.29183E+03
,428,0.15957E+04,0.18169E+02,-0.43626E+02,0.97740E+06,0.28752E+03
,429,0.16007E+04,0.18055E+02,-0.44881E+02,0.97404E+06,0.28323E+03
,430,0.16060E+04,0.17939E+02,-0.46110E+02,0.97069E+06,0.27897E+03
,431,0.16116E+04,0.17820E+02,-0.47313E+02,0.96736E+06,0.27474E+03
,432,0.16172E+04,0.17697E+02,-0.48489E+02,0.96404E+06,0.27052E+03
,433,0.16233E+04,0.17574E+02,-0.49636E+02,0.96074E+06,0.26634E+03
,434,0.16295E+04,0.17446E+02,-0.50758E+02,0.95745E+06,0.26217E+03
,435,0.16358E+04,0.17318E+02,-0.51850E+02,0.95418E+06,0.25802E+03
,436,0.16425E+04,0.17186E+02,-0.52915E+02,0.95092E+06,0.25390E+03
,437,0.16494E+04,0.17052E+02,-0.53949E+02,0.94767E+06,0.24979E+03
,438,0.16565E+04,0.16915E+02,-0.54954E+02,0.94444E+06,0.24570E+03
,439,0.16638E+04,0.16778E+02,-0.55931E+02,0.94123E+06,0.24162E+03
,440,0.16713E+04,0.16637E+02,-0.56877E+02,0.93803E+06,0.23756E+03
,441,0.16790E+04,0.16494E+02,-0.57793E+02,0.93484E+06,0.23352E+03
,442,0.16867E+04,0.16349E+02,-0.58679E+02,0.93167E+06,0.22948E+03
,443,0.16948E+04,0.16202E+02,-0.59534E+02,0.92851E+06,0.22546E+03
,444,0.17030E+04,0.16055E+02,-0.60357E+02,0.92536E+06,0.22145E+03
,445,0.17113E+04,0.15903E+02,-0.61150E+02,0.92223E+06,0.21746E+03
,446,0.17198E+04,0.15752E+02,-0.61910E+02,0.91912E+06,0.21347E+03
,447,0.17284E+04,0.15599E+02,-0.62639E+02,0.91601E+06,0.20948E+03
,448,0.17371E+04,0.15443E+02,-0.63337E+02,0.91292E+06,0.20551E+03
,449,0.17460E+04,0.15287E+02,-0.64002E+02,0.90985E+06,0.20154E+03
,450,0.17551E+04,0.15129E+02,-0.64636E+02,0.90679E+06,0.19757E+03
,451,0.17643E+04,0.14970E+02,-0.65237E+02,0.90374E+06,0.19361E+03
,452,0.17735E+04,0.14810E+02,-0.65807E+02,0.90070E+06,0.18965E+03
,453,0.17830E+04,0.14649E+02,-0.66344E+02,0.89768E+06,0.18571E+03
,454,0.17924E+04,0.14487E+02,-0.66850E+02,0.89467E+06,0.18177E+03
,455,0.18019E+04,0.14324E+02,-0.67323E+02,0.89168E+06,0.17785E+03
,456,0.18117E+04,0.14159E+02,-0.67758E+02,0.88869E+06,0.17394E+03
,457,0.18214E+04,0.13995E+02,-0.68169E+02,0.88572E+06,0.17005E+03
,458,0.18312E+04,0.13829E+02,-0.68537E+02,0.88277E+06,0.16617E+03
,459,0.18411E+04,0.13664E+02,-0.68877E+02,0.87982E+06,0.16232E+03
,460,0.18511E+04,0.13497E+02,-0.69184E+02,0.87689E+06,0.15850E+03
,461,0.18611E+04,0.13330E+02,-0.69459E+02,0.87397E+06,0.15470E+03
,462,0.18712E+04,0.13162E+02,-0.69695E+02,0.87107E+06,0.15093E+03
,463,0.18812E+04,0.12995E+02,-0.69910E+02,0.86818E+06,0.14719E+03
,464,0.18913E+04,0.12828E+02,-0.70076E+02,0.86530E+06,0.14349E+03
,465,0.19014E+04,0.12661E+02,-0.70222E+02,0.86243E+06,0.13982E+03
,466,0.19115E+04,0.12493E+02,-0.70325E+02,0.85958E+06,0.13619E+03
,467,0.19218E+04,0.12326E+02,-0.70401E+02,0.85673E+06,0.13260E+03
,468,0.19319E+04,0.12159E+02,-0.70442E+02,0.85390E+06,0.12905E+03
,469,0.19421E+04,0.11991E+02,-0.70454E+02,0.85109E+06,0.12555E+03
,470,0.19524E+04,0.11825E+02,-0.70432E+02,0.84828E+06,0.12210E+03
,471,0.19624E+04,0.11660E+02,-0.70375E+02,0.84549E+06,0.11869E+03
,472,0.19726E+04,0.11495E+02,-0.70289E+02,0.84271E+06,0.11534E+03
,473,0.19827E+04,0.11331E+02,-0.70169E+02,0.83994E+06,0.11204E+03
,474,0.19928E+04,0.11168E+02,-0.70020E+02,0.83718E+06,0.10880E+03
,475,0.20030E+04,0.11005E+02,-0.69836E+02,0.83443E+06,0.10562E+03
,476,0.20129E+04,0.10844E+02,-0.69619E+02,0.83170E+06,0.10250E+03
,477,0.20229E+04,0.10683E+02,-0.69379E+02,0.82898E+06,0.99445E+02
,478,0.20328E+04,0.10523E+02,-0.69096E+02,0.82627E+06,0.96455E+02
,479,0.20427E+04,0.10365E+02,-0.68796E+02,0.82357E+06,0.93533E+02
,480,0.20525E+04,0.10208E+02,-0.68459E+02,0.82089E+06,0.90682E+02
,481,0.20622E+04,0.10053E+02,-0.68089E+02,0.81821E+06,0.87904E+02
,482,0.20720E+04,0.98995E+01,-0.67691E+02,0.81555E+06,0.85201E+02
,483,0.20815E+04,0.97474E+01,-0.67268E+02,0.81290E+06,0.82576E+02
,484,0.20909E+04,0.95973E+01,-0.66813E+02,0.81026E+06,0.80030E+02
,485,0.21004E+04,0.94484E+01,-0.66329E+02,0.80763E+06,0.77568E+02
,486,0.21097E+04,0.93022E+01,-0.65818E+02,0.80501E+06,0.75189E+02
,487,0.21189E+04,0.91581E+01,-0.65279E+02,0.80240E+06,0.72898E+02
,488,0.21280E+04,0.90151E+01,-0.64712E+02,0.79981E+06,0.70695E+02
,489,0.21370E+04,0.88749E+01,-0.64118E+02,0.79722E+06,0.68585E+02
,490,0.21459E+04,0.87373E+01,-0.63496E+02,0.79465E+06,0.66568E+02
,491,0.21546E+04,0.86017E+01,-0.62849E+02,0.79209E+06,0.64647E+02
,492,0.21632E+04,0.84688E+01,-0.62177E+02,0.78953E+06,0.62825E+02
,493,0.21718E+04,0.83370E+01,-0.61478E+02,0.78699E+06,0.61104E+02
,494,0.21801E+04,0.82094E+01,-0.60756E+02,0.78446E+06,0.59485E+02
,495,0.21883E+04,0.80837E+01,-0.60009E+02,0.78194E+06,0.57973E+02
,496,0.21964E+04,0.79614E+01,-0.59238E+02,0.77943E+06,0.56567E+02
,497,0.22043E+04,0.78418E+01,-0.58443E+02,0.77694E+06,0.55273E+02
,498,0.22121E+04,0.77240E+01,-0.57627E+02,0.77445E+06,0.54090E+02
,499,0.22198E+04,0.76103E+01,-0.56787E+02,0.77197E+06,0.53022E+02
,500,0.22273E+04,0.74985E+01,-0.55927E+02,0.76950E+06,0.52071E+02
,501,0.22345E+04,0.73908E+01,-0.55046E+02,0.76705E+06,0.51239E+02
,502,0.22418E+04,0.72865E+01,-0.54143E+02,0.76460E+06,0.50522E+02
,503,0.22487E+04,0.71847E+01,-0.53221E+02,0.76216E+06,0.49918E+02
,504,0.22555E+04,0.70863E+01,-0.52279E+02,0.75974E+06,0.49423E+02
,505,0.22622E+04,0.69920E+01,-0.51319E+02,0.75732E+06,0.49033E+02
,506,0.22687E+04,0.69012E+01,-0.50340E+02,0.75492E+06,0.48746E+02
,507,0.22750E+04,0.68136E+01,-0.49343E+02,0.75252E+06,0.48557E+02
,508,0.22811E+04,0.67302E+01,-0.48329E+02,0.75013E+06,0.48464E+02
,509,0.22870E+04,0.66501E+01,-0.47300E+02,0.74776E+06,0.48462E+02
,510,0.22927E+04,0.65739E+01,-0.46254E+02,0.74539E+06,0.48549E+02
,511,0.22982E+04,0.65013E+01,-0.45193E+02,0.74304E+06,0.48721E+02
,512,0.23036E+04,0.64329E+01,-0.44117E+02,0.74069E+06,0.48975E+02
,513,0.23087E+04,0.63683E+01,-0.43028E+02,0.73835E+06,0.49306E+02
,514,0.23137E+04,0.63078E+01,-0.41926E+02,0.73603E+06,0.49712E+02
,515,0.23185E+04,0.62514E+01,-0.40811E+02,0.73371E+06,0.50190E+02
,516,0.23230E+04,0.61992E+01,-0.39684E+02,0.73140E+06,0.50735E+02
,517,0.23273E+04,0.61513E+01,-0.38545E+02,0.72910E+06,0.51345E+02
,518,0.23314E+04,0.61075E+01,-0.37397E+02,0.72682E+06,0.52016E+02
,519,0.23354E+04,0.60681E+01,-0.36237E+02,0.72454E+06,0.52744E+02
,520,0.23391E+04,0.60330E+01,-0.35069E+02,0.72227E+06,0.53527E+02
,521,0.23426E+04,0.60022E+01,-0.33892E+02,0.72001E+06,0.54360E+02
,522,0.23458E+04,0.59761E+01,-0.32707E+02,0.71776E+06,0.55240E+02
,523,0.23489E+04,0.59544E+01,-0.31515E+02,0.71552E+06,0.56164E+02
,524,0.23518E+04,0.59371E+01,-0.30316E+02,0.71329E+06,0.57128E+02
,525,0.23543E+04,0.59244E+01,-0.29111E+02,0.71107E+06,0.58130E+02
,526,0.23567E+04,0.59163E+01,-0.27900E+02,0.70885E+06,0.59165E+02
,527,0.23590E+04,0.59128E+01,-0.26685E+02,0.70665E+06,0.60230E+02
,528,0.23610E+04,0.59139E+01,-0.25468E+02,0.70446E+06,0.61321E+02
,529,0.23628E+04,0.59198E+01,-0.24246E+02,0.70227E+06,0.62436E+02
,530,0.23643E+04,0.59305E+01,-0.23023E+02,0.70009E+06,0.63570E+02
,531,0.23658E+04,0.59457E+01,-0.21796E+02,0.69793E+06,0.64721E+02
,532,0.23669E+04,0.59657E+01,-0.20570E+02,0.69577E+06,0.65885E+02
,533,0.23677E+04,0.59905E+01,-0.19343E+02,0.69362E+06,0.67058E+02
,534,0.23684E+04,0.60201E+01,-0.18117E+02,0.69148E+06,0.68237E+02
,535,0.23688E+04,0.60546E+01,-0.16892E+02,0.68935E+06,0.69419E+02
,536,0.23691E+04,0.60938E+01,-0.15668E+02,0.68723E+06,0.70600E+02
,537,0.23692E+04,0.61378E+01,-0.14446E+02,0.68512E+06,0.71776E+02
,538,0.23689E+04,0.61868E+01,-0.13228E+02,0.68301E+06,0.72945E+02
,539,0.23685E+04,0.62404E+01,-0.12014E+02,0.68092E+06,0.74103E+02
,540,0.23679E+04,0.62991E+01,-0.10804E+02,0.67883E+06,0.75246E+02
,541,0.23670E+04,0.63624E+01,-0.95989E+01,0.67675E+06,0.76372E+02
,542,0.23660E+04,0.64306E+01,-0.84006E+01,0.67468E+06,0.77475E+02
,543,0.23647E+04,0.65038E+01,-0.72084E+01,0.67262E+06,0.78554E+02
,544,0.23633E+04,0.65817E+01,-0.60234E+01,0.67057E+06,0.79605E+02
,545,0.23616E+04,0.66644E+01,-0.48461E+01,0.66852E+06,0.80624E+02
,546,0.23598E+04,0.67517E+01,-0.36774E+01,0.66649E+06,0.81607E+02
,547,0.23576E+04,0.68438E+01,-0.25175E+01,0.66446E+06,0.82552E+02
,548,0.23554E+04,0.69407E+01,-0.13676E+01,0.66244E+06,0.83455E+02
,549,0.23529E+04,0.70424E+01,-0.22811E+00,0.66043E+06,0.84313E+02
,550,0.23502E+04,0.71488E+01,0.90033E+00,0.65843E+06,0.85122E+02
,551,0.23474E+04,0.72600E+01,0.20172E+01,0.65644E+06,0.85879E+02
,552,0.23443E+04,0.73761E+01,0.31214E+01,0.65445E+06,0.86585E+02
,553,0.23411E+04,0.74954E+01,0.42128E+01,0.65247E+06,0.87242E+02
,554,0.23377E+04,0.76210E+01,0.52905E+01,0.65050E+06,0.87852E+02
,555,0.23340E+04,0.77507E+01,0.63538E+01,0.64854E+06,0.88415E+02
,556,0.23301E+04,0.78853E+01,0.74024E+01,0.64659E+06,0.88934E+02
,557,0.23261E+04,0.80239E+01,0.84348E+01,0.64464E+06,0.89411E+02
,558,0.23219E+04,0.81681E+01,0.94513E+01,0.64271E+06,0.89846E+02
,559,0.23175E+04,0.83157E+01,0.10451E+02,0.64078E+06,0.90241E+02
,560,0.23130E+04,0.84674E+01,0.11434E+02,0.63886E+06,0.90598E+02
,561,0.23082E+04,0.86240E+01,0.12398E+02,0.63694E+06,0.90919E+02
,562,0.23034E+04,0.87855E+01,0.13343E+02,0.63504E+06,0.91205E+02
,563,0.22983E+04,0.89503E+01,0.14272E+02,0.63314E+06,0.91458E+02
,564,0.22931E+04,0.91208E+01,0.15178E+02,0.63125E+06,0.91678E+02
,565,0.22877E+04,0.92940E+01,0.16065E+02,0.62937E+06,0.91869E+02
,566,0.22822E+04,0.94721E+01,0.16931E+02,0.62750E+06,0.92031E+02
,567,0.22765E+04,0.96536E+01,0.17776E+02,0.62563E+06,0.92166E+02
,568,0.22707E+04,0.98401E+01,0.18599E+02,0.62377E+06,0.92275E+02
,569,0.22646E+04,0.10031E+02,0.19402E+02,0.62192E+06,0.92361E+02
,570,0.22585E+04,0.10225E+02,0.20180E+02,0.62008E+06,0.92425E+02
,571,0.22522E+04,0.10423E+02,0.20934E+02,0.61824E+06,0.92467E+02
,572,0.22457E+04,0.10625E+02,0.21666E+02,0.61641E+06,0.92491E+02
,573,0.22392E+04,0.10830E+02,0.22372E+02,0.61459E+06,0.92497E+02
,574,0.22325E+04,0.11040E+02,0.23055E+02,0.61278E+06,0.92488E+02
,575,0.22257E+04,0.11252E+02,0.23712E+02,0.61097E+06,0.92464E+02
,576,0.22188E+04,0.11469E+02,0.24345E+02,0.60918E+06,0.92427E+02
,577,0.22117E+04,0.11689E+02,0.24951E+02,0.60739E+06,0.92379E+02
,578,0.22045E+04,0.11912E+02,0.25532E+02,0.60560E+06,0.92321E+02
,579,0.21972E+04,0.12139E+02,0.26086E+02,0.60382E+06,0.92256E+02
,580,0.21899E+04,0.12369E+02,0.26612E+02,0.60206E+06,0.92184E+02
,581,0.21823E+04,0.12602E+02,0.27113E+02,0.60029E+06,0.92107E+02
,582,0.21746E+04,0.12838E+02,0.27585E+02,0.59854E+06,0.92027E+02
,583,0.21669E+04,0.13077E+02,0.28029E+02,0.59679E+06,0.91945E+02
,584,0.21592E+04,0.13319E+02,0.28445E+02,0.59505E+06,0.91864E+02
,585,0.21513E+04,0.13564E+02,0.28833E+02,0.59332E+06,0.91783E+02
,586,0.21433E+04,0.13811E+02,0.29192E+02,0.59159E+06,0.91706E+02
,587,0.21353E+04,0.14062E+02,0.29523E+02,0.58987E+06,0.91634E+02
,588,0.21272E+04,0.14314E+02,0.29823E+02,0.58816E+06,0.91568E+02
,589,0.21189E+04,0.14570E+02,0.30095E+02,0.58645E+06,0.91509E+02
,590,0.21106E+04,0.14827E+02,0.30337E+02,0.58476E+06,0.91460E+02
,591,0.21023E+04,0.15088E+02,0.30549E+02,0.58306E+06,0.91422E+02
,592,0.20940E+04,0.15349E+02,0.30731E+02,0.58138E+06,0.91397E+02
,593,0.20855E+04,0.15614E+02,0.30883E+02,0.57970E+06,0.91386E+02
,594,0.20769E+04,0.15881E+02,0.31005E+02,0.57803E+06,0.91390E+02
,595,0.20683E+04,0.16148E+02,0.31097E+02,0.57637E+06,0.91412E+02
,596,0.20597E+04,0.16419E+02,0.31157E+02,0.57471E+06,0.91453E+02
,597,0.20511E+04,0.16689E+02,0.31188E+02,0.57306E+06,0.91514E+02
,598,0.20426E+04,0.16962E+02,0.31187E+02,0.57141E+06,0.91598E+02
,599,0.20340E+04,0.17236E+02,0.31157E+02,0.56978E+06,0.91705E+02
,600,0.20253E+04,0.17512E+02,0.31095E+02,0.56814E+06,0.91837E+02
,601,0.20166E+04,0.17790E+02,0.31003E+02,0.56652E+06,0.91996E+02
,602,0.20078E+04,0.18067E+02,0.30879E+02,0.56490E+06,0.92181E+02
,603,0.19990E+04,0.18347E+02,0.30726E+02,0.56329E+06,0.92392E+02
,604,0.19903E+04,0.18627E+02,0.30541E+02,0.56168E+06,0.92628E+02
,605,0.19816E+04,0.18908E+02,0.30326E+02,0.56009E+06,0.92888E+02
,606,0.19729E+04,0.19189E+02,0.30079E+02,0.55849E+06,0.93173E+02
,607,0.19640E+04,0.19472E+02,0.29802E+02,0.55691E+06,0.93481E+02
,608,0.19553E+04,0.19755E+02,0.29494E+02,0.55533E+06,0.93813E+02
,609,0.19466E+04,0.20037E+02,0.29154E+02,0.55375E+06,0.94166E+02
,610,0.19379E+04,0.20320E+02,0.28783E+02,0.55219E+06,0.94542E+02
,611,0.19293E+04,0.20603E+02,0.28382E+02,0.55063E+06,0.94939E+02
,612,0.19207E+04,0.20888E+02,0.27952E+02,0.54907E+06,0.95356E+02
,613,0.19120E+04,0.21169E+02,0.27489E+02,0.54752E+06,0.95794E+02
,614,0.19034E+04,0.21452E+02,0.26996E+02,0.54598E+06,0.96251E+02
,615,0.18949E+04,0.21734E+02,0.26473E+02,0.54444E+06,0.96728E+02
,616,0.18864E+04,0.22017E+02,0.25919E+02,0.54291E+06,0.97222E+02
,617,0.18781E+04,0.22299E+02,0.25337E+02,0.54139E+06,0.97735E+02
,618,0.18697E+04,0.22580E+02,0.24723E+02,0.53987E+06,0.98266E+02
,619,0.18614E+04,0.22862E+02,0.24081E+02,0.53836E+06,0.98813E+02
,620,0.18532E+04,0.23141E+02,0.23410E+02,0.53686E+06,0.99376E+02
,621,0.18450E+04,0.23420E+02,0.22709E+02,0.53536E+06,0.99956E+02
,622,0.18369E+04,0.23698E+02,0.21978E+02,0.53386E+06,0.10055E+03
,623,0.18289E+04,0.23974E+02,0.21220E+02,0.53237E+06,0.10116E+03
,624,0.18209E+04,0.24249E+02,0.20434E+02,0.53089E+06,0.10178E+03
,625,0.18130E+04,0.24522E+02,0.19619E+02,0.52941E+06,0.10242E+03
,626,0.18052E+04,0.24794E+02,0.18776E+02,0.52794E+06,0.10307E+03
,627,0.17976E+04,0.25065E+02,0.17906E+02,0.52648E+06,0.10373E+03
,628,0.17900E+04,0.25333E+02,0.17008E+02,0.52502E+06,0.10441E+03
,629,0.17826E+04,0.25600E+02,0.16083E+02,0.52357E+06,0.10509E+03
,630,0.17751E+04,0.25864E+02,0.15131E+02,0.52212E+06,0.10579E+03
,631,0.17678E+04,0.26127E+02,0.14155E+02,0.52068E+06,0.10649E+03
,632,0.17607E+04,0.26386E+02,0.13151E+02,0.51924E+06,0.10721E+03
,633,0.17535E+04,0.26645E+02,0.12123E+02,0.51781E+06,0.10793E+03
,634,0.17466E+04,0.26900E+02,0.11069E+02,0.51639E+06,0.10867E+03
,635,0.17398E+04,0.27153E+02,0.99916E+01,0.51497E+06,0.10941E+03
,636,0.17330E+04,0.27405E+02,0.88900E+01,0.51355E+06,0.11016E+03
,637,0.17264E+04,0.27652E+02,0.77639E+01,0.51215E+06,0.11091E+03
,638,0.17200E+04,0.27898E+02,0.66155E+01,0.51074E+06,0.11168E+03
,639,0.17137E+04,0.28139E+02,0.54436E+01,0.50935E+06,0.11244E+03
,640,0.17075E+04,0.28379E+02,0.42499E+01,0.50795E+06,0.11322E+03
,641,0.17014E+04,0.28615E+02,0.30342E+01,0.50657E+06,0.11400E+03
,642,0.16954E+04,0.28848E+02,0.17973E+01,0.50519E+06,0.11478E+03
,643,0.16896E+04,0.29079E+02,0.53969E+00,0.50381E+06,0.11556E+03
,644,0.16840E+04,0.29304E+02,-0.73810E+00,0.50244E+06,0.11635E+03
,645,0.16785E+04,0.29526E+02,-0.20358E+01,0.50108E+06,0.11714E+03
,646,0.16731E+04,0.29746E+02,-0.33527E+01,0.49972E+06,0.11794E+03
,647,0.16680E+04,0.29961E+02,-0.46889E+01,0.49836E+06,0.11873E+03
,648,0.16629E+04,0.30173E+02,-0.60423E+01,0.49701E+06,0.11953E+03
,649,0.16580E+04,0.30381E+02,-0.74138E+01,0.49567E+06,0.12032E+03
,650,0.16533E+04,0.30584E+02,-0.88019E+01,0.49433E+06,0.12112E+03
,651,0.16487E+04,0.30785E+02,-0.10207E+02,0.49300E+06,0.12191E+03
,652,0.16443E+04,0.30982E+02,-0.11628E+02,0.49167E+06,0.12270E+03
,653,0.16401E+04,0.31173E+02,-0.13063E+02,0.49034E+06,0.12350E+03
,654,0.16360E+04,0.31360E+02,-0.14512E+02,0.48902E+06,0.12429E+03
,655,0.16320E+04,0.31544E+02,-0.15976E+02,0.48771E+06,0.12508E+03
,656,0.16283E+04,0.31723E+02,-0.17454E+02,0.48640E+06,0.12587E+03
,657,0.16247E+04,0.31897E+02,-0.18943E+02,0.48510E+06,0.12666E+03
,658,0.16212E+04,0.32068E+02,-0.20445E+02,0.48380E+06,0.12745E+03
,659,0.16180E+04,0.32234E+02,-0.21958E+02,0.48251E+06,0.12823E+03
,660,0.16150E+04,0.32394E+02,-0.23482E+02,0.48122E+06,0.12902E+03
,661,0.16121E+04,0.32550E+02,-0.25015E+02,0.47993E+06,0.12981E+03
,662,0.16094E+04,0.32701E+02,-0.26558E+02,0.47866E+06,0.13060E+03
,663,0.16069E+04,0.32848E+02,-0.28111E+02,0.47738E+06,0.13138E+03
,664,0.16045E+04,0.32989E+02,-0.29671E+02,0.47611E+06,0.13217E+03
,665,0.16023E+04,0.33125E+02,-0.31239E+02,0.47485E+06,0.13295E+03
,666,0.16003E+04,0.33257E+02,-0.32813E+02,0.47359E+06,0.13374E+03
,667,0.15985E+04,0.33383E+02,-0.34394E+02,0.47233E+06,0.13452E+03
,668,0.15968E+04,0.33504E+02,-0.35981E+02,0.47108E+06,0.13530E+03
,669,0.15954E+04,0.33620E+02,-0.37572E+02,0.46984E+06,0.13609E+03
,670,0.15941E+04,0.33730E+02,-0.39167E+02,0.46860E+06,0.13687E+03
,671,0.15930E+04,0.33837E+02,-0.40766E+02,0.46736E+06,0.13765E+03
,672,0.15921E+04,0.33936E+02,-0.42368E+02,0.46613E+06,0.13844E+03
,673,0.15914E+04,0.34032E+02,-0.43971E+02,0.46490E+06,0.13922E+03
,674,0.15908E+04,0.34122E+02,-0.45576E+02,0.46368E+06,0.14000E+03
,675,0.15905E+04,0.34206E+02,-0.47182E+02,0.46246E+06,0.14078E+03
,676,0.15903E+04,0.34284E+02,-0.48787E+02,0.46125E+06,0.14157E+03
,677,0.15903E+04,0.34357E+02,-0.50392E+02,0.46004E+06,0.14235E+03
,678,0.15905E+04,0.34425E+02,-0.51996E+02,0.45884E+06,0.14313E+03
,679,0.15908E+04,0.34487E+02,-0.53597E+02,0.45764E+06,0.14391E+03
,680,0.15915E+04,0.34544E+02,-0.55197E+02,0.45644E+06,0.14469E+03
,681,0.15922E+04,0.34595E+02,-0.56792E+02,0.45525E+06,0.14547E+03
,682,0.15931E+04,0.34639E+02,-0.58384E+02,0.45407E+06,0.14626E+03
,683,0.15943E+04,0.34680E+02,-0.59972E+02,0.45288E+06,0.14704E+03
,684,0.15956E+04,0.34713E+02,-0.61555E+02,0.45171E+06,0.14782E+03
,685,0.15970E+04,0.34741E+02,-0.63132E+02,0.45053E+06,0.14860E+03
,686,0.15986E+04,0.34763E+02,-0.64694E+02,0.44936E+06,0.14938E+03
,687,0.16005E+04,0.34781E+02,-0.66254E+02,0.44820E+06,0.15017E+03
,688,0.16025E+04,0.34791E+02,-0.67808E+02,0.44704E+06,0.15095E+03
,689,0.16046E+04,0.34796E+02,-0.69349E+02,0.44588E+06,0.15173E+03
,690,0.16070E+04,0.34797E+02,-0.70884E+02,0.44473E+06,0.15251E+03
,691,0.16095E+04,0.34790E+02,-0.72407E+02,0.44358E+06,0.15330E+03
,692,0.16121E+04,0.34779E+02,-0.73917E+02,0.44244E+06,0.15408E+03
,693,0.16150E+04,0.34761E+02,-0.75423E+02,0.44130E+06,0.15487E+03
,694,0.16180E+04,0.34738E+02,-0.76908E+02,0.44017E+06,0.15565E+03
,695,0.16212E+04,0.34710E+02,-0.78381E+02,0.43904E+06,0.15644E+03
,696,0.16246E+04,0.34676E+02,-0.79856E+02,0.43791E+06,0.15722E+03
,697,0.16281E+04,0.34636E+02,-0.81304E+02,0.43679E+06,0.15801E+03
,698,0.16317E+04,0.34590E+02,-0.82740E+02,0.43567E+06,0.15879E+03
,699,0.16355E+04,0.34540E+02,-0.84156E+02,0.43455E+06,0.15958E+03
,700,0.16396E+04,0.34483E+02,-0.85560E+02,0.43344E+06,0.16037E+03
,701,0.16437E+04,0.34421E+02,-0.86952E+02,0.43234E+06,0.16116E+03
,702,0.16480E+04,0.34354E+02,-0.88317E+02,0.43123E+06,0.16195E+03
,703,0.16524E+04,0.34281E+02,-0.89685E+02,0.43014E+06,0.16273E+03
,704,0.16570E+04,0.34203E+02,-0.91018E+02,0.42904E+06,0.16352E+03
,705,0.16617E+04,0.34119E+02,-0.92333E+02,0.42795E+06,0.16430E+03
,706,0.16665E+04,0.34031E+02,-0.93635E+02,0.42686E+06,0.16509E+03
,707,0.16714E+04,0.33936E+02,-0.94918E+02,0.42578E+06,0.16587E+03
,708,0.16767E+04,0.33838E+02,-0.96166E+02,0.42470E+06,0.16664E+03
,709,0.16819E+04,0.33733E+02,-0.97410E+02,0.42363E+06,0.16741E+03
,710,0.16873E+04,0.33623E+02,-0.98627E+02,0.42255E+06,0.16818E+03
,711,0.16928E+04,0.33508E+02,-0.99818E+02,0.42149E+06,0.16894E+03
,712,0.16985E+04,0.33389E+02,-0.10100E+03,0.42042E+06,0.16970E+03
,713,0.17044E+04,0.33264E+02,-0.10214E+03,0.41936E+06,0.17044E+03
,714,0.17102E+04,0.33135E+02,-0.10327E+03,0.41831E+06,0.17119E+03
,715,0.17162E+04,0.33000E+02,-0.10437E+03,0.41725E+06,0.17192E+03
,716,0.17223E+04,0.32860E+02,-0.10545E+03,0.41620E+06,0.17264E+03
,717,0.17286E+04,0.32717E+02,-0.10650E+03,0.41516E+06,0.17336E+03
,718,0.17349E+04,0.32568E+02,-0.10753E+03,0.41412E+06,0.17407E+03
,719,0.17413E+04,0.32413E+02,-0.10852E+03,0.41308E+06,0.17476E+03
,720,0.17478E+04,0.32255E+02,-0.10950E+03,0.41204E+06,0.17545E+03
,721,0.17546E+04,0.32093E+02,-0.11044E+03,0.41101E+06,0.17612E+03
,722,0.17612E+04,0.31926E+02,-0.11135E+03,0.40999E+06,0.17678E+03
,723,0.17681E+04,0.31755E+02,-0.11224E+03,0.40896E+06,0.17743E+03
,724,0.17750E+04,0.31579E+02,-0.11311E+03,0.40794E+06,0.17807E+03
,725,0.17820E+04,0.31400E+02,-0.11394E+03,0.40693E+06,0.17869E+03
,726,0.17891E+04,0.31218E+02,-0.11474E+03,0.40591E+06,0.17930E+03
,727,0.17962E+04,0.31031E+02,-0.11552E+03,0.40491E+06,0.17989E+03
,728,0.18035E+04,0.30838E+02,-0.11626E+03,0.40390E+06,0.18047E+03
,729,0.18107E+04,0.30643E+02,-0.11698E+03,0.40290E+06,0.18103E+03
,730,0.18180E+04,0.30444E+02,-0.11767E+03,0.40190E+06,0.18157E+03
,731,0.18256E+04,0.30240E+02,-0.11832E+03,0.40090E+06,0.18210E+03
,732,0.18330E+04,0.30035E+02,-0.11893E+03,0.39991E+06,0.18261E+03
,733,0.18406E+04,0.29825E+02,-0.11953E+03,0.39892E+06,0.18310E+03
,734,0.18482E+04,0.29612E+02,-0.12008E+03,0.39794E+06,0.18357E+03
,735,0.18559E+04,0.29395E+02,-0.12062E+03,0.39696E+06,0.18402E+03
,736,0.18635E+04,0.29175E+02,-0.12111E+03,0.39598E+06,0.18445E+03
,737,0.18713E+04,0.28953E+02,-0.12158E+03,0.39500E+06,0.18486E+03
,738,0.18790E+04,0.28728E+02,-0.12200E+03,0.39403E+06,0.18524E+03
,739,0.18868E+04,0.28499E+02,-0.12239E+03,0.39306E+06,0.18561E+03
,740,0.18946E+04,0.28267E+02,-0.12276E+03,0.39210E+06,0.18595E+03
,741,0.19025E+04,0.28032E+02,-0.12310E+03,0.39113E+06,0.18627E+03
,742,0.19104E+04,0.27797E+02,-0.12339E+03,0.39018E+06,0.18657E+03
,743,0.19183E+04,0.27560E+02,-0.12366E+03,0.38922E+06,0.18683E+03
,744,0.19262E+04,0.27319E+02,-0.12388E+03,0.38827E+06,0.18708E+03
,745,0.19342E+04,0.27076E+02,-0.12409E+03,0.38732E+06,0.18730E+03
,746,0.19420E+04,0.26832E+02,-0.12424E+03,0.38637E+06,0.18749E+03
,747,0.19499E+04,0.26584E+02,-0.12437E+03,0.38543E+06,0.18766E+03
,748,0.19578E+04,0.26336E+02,-0.12447E+03,0.38449E+06,0.18779E+03
,749,0.19658E+04,0.26084E+02,-0.12455E+03,0.38355E+06,0.18790E+03
,750,0.19737E+04,0.25832E+02,-0.12458E+03,0.38262E+06,0.18798E+03
,751,0.19816E+04,0.25578E+02,-0.12458E+03,0.38169E+06,0.18803E+03
,752,0.19895E+04,0.25324E+02,-0.12453E+03,0.38076E+06,0.18805E+03
,753,0.19973E+04,0.25067E+02,-0.12446E+03,0.37984E+06,0.18805E+03
,754,0.20051E+04,0.24810E+02,-0.12435E+03,0.37892E+06,0.18802E+03
,755,0.20130E+04,0.24551E+02,-0.12422E+03,0.37800E+06,0.18796E+03
,756,0.20207E+04,0.24291E+02,-0.12405E+03,0.37709E+06,0.18788E+03
,757,0.20285E+04,0.24031E+02,-0.12383E+03,0.37617E+06,0.18777E+03
,758,0.20361E+04,0.23770E+02,-0.12359E+03,0.37526E+06,0.18764E+03
,759,0.20438E+04,0.23508E+02,-0.12331E+03,0.37436E+06,0.18749E+03
,760,0.20514E+04,0.23246E+02,-0.12301E+03,0.37346E+06,0.18732E+03
,761,0.20589E+04,0.22983E+02,-0.12267E+03,0.37256E+06,0.18713E+03
,762,0.20665E+04,0.22721E+02,-0.12229E+03,0.37166E+06,0.18692E+03
,763,0.20739E+04,0.22459E+02,-0.12188E+03,0.37076E+06,0.18669E+03
,764,0.20813E+04,0.22196E+02,-0.12144E+03,0.36987E+06,0.18644E+03
,765,0.20885E+04,0.21933E+02,-0.12096E+03,0.36898E+06,0.18618E+03
,766,0.20958E+04,0.21671E+02,-0.12046E+03,0.36810E+06,0.18590E+03
,767,0.21030E+04,0.21410E+02,-0.11992E+03,0.36722E+06,0.18561E+03
,768,0.21101E+04,0.21148E+02,-0.11934E+03,0.36634E+06,0.18530E+03
,769,0.21171E+04,0.20887E+02,-0.11873E+03,0.36546E+06,0.18499E+03
,770,0.21240E+04,0.20627E+02,-0.11810E+03,0.36459E+06,0.18466E+03
,771,0.21308E+04,0.20368E+02,-0.11743E+03,0.36371E+06,0.18432E+03
,772,0.21375E+04,0.20110E+02,-0.11671E+03,0.36285E+06,0.18397E+03
,773,0.21442E+04,0.19853E+02,-0.11598E+03,0.36198E+06,0.18361E+03
,774,0.21507E+04,0.19598E+02,-0.11522E+03,0.36112E+06,0.18325E+03
,775,0.21572E+04,0.19343E+02,-0.11442E+03,0.36026E+06,0.18288E+03
,776,0.21634E+04,0.19091E+02,-0.11360E+03,0.35940E+06,0.18250E+03
,777,0.21696E+04,0.18840E+02,-0.11274E+03,0.35854E+06,0.18212E+03
,778,0.21759E+04,0.18590E+02,-0.11184E+03,0.35769E+06,0.18174E+03
,779,0.21818E+04,0.18343E+02,-0.11093E+03,0.35684E+06,0.18135E+03
,780,0.21877E+04,0.18096E+02,-0.10998E+03,0.35600E+06,0.18096E+03
,781,0.21935E+04,0.17853E+02,-0.10901E+03,0.35515E+06,0.18057E+03
,782,0.21991E+04,0.17611E+02,-0.10802E+03,0.35431E+06,0.18018E+03
,783,0.22046E+04,0.17372E+02,-0.10698E+03,0.35347E+06,0.17979E+03
,784,0.22101E+04,0.17135E+02,-0.10592E+03,0.35264E+06,0.17940E+03
,785,0.22153E+04,0.16900E+02,-0.10484E+03,0.35180E+06,0.17901E+03
,786,0.22204E+04,0.16668E+02,-0.10371E+03,0.35097E+06,0.17863E+03
,787,0.22254E+04,0.16438E+02,-0.10256E+03,0.35015E+06,0.17826E+03
,788,0.22302E+04,0.16211E+02,-0.10139E+03,0.34932E+06,0.17789E+03
,789,0.22349E+04,0.15986E+02,-0.10020E+03,0.34850E+06,0.17752E+03
,790,0.22395E+04,0.15766E+02,-0.98978E+02,0.34768E+06,0.17717E+03
,791,0.22439E+04,0.15547E+02,-0.97725E+02,0.34686E+06,0.17682E+03
,792,0.22482E+04,0.15333E+02,-0.96459E+02,0.34604E+06,0.17649E+03
,793,0.22523E+04,0.15123E+02,-0.95156E+02,0.34523E+06,0.17616E+03
,794,0.22562E+04,0.14915E+02,-0.93839E+02,0.34442E+06,0.17584E+03
,795,0.22600E+04,0.14711E+02,-0.92494E+02,0.34361E+06,0.17554E+03
,796,0.22637E+04,0.14511E+02,-0.91135E+02,0.34281E+06,0.17525E+03
,797,0.22672E+04,0.14313E+02,-0.89746E+02,0.34201E+06,0.17498E+03
,798,0.22705E+04,0.14120E+02,-0.88344E+02,0.34121E+06,0.17472E+03
,799,0.22736E+04,0.13931E+02,-0.86920E+02,0.34041E+06,0.17448E+03
,800,0.22767E+04,0.13745E+02,-0.85475E+02,0.33961E+06,0.17425E+03
,801,0.22795E+04,0.13563E+02,-0.84015E+02,0.33882E+06,0.17404E+03
,802,0.22821E+04,0.13386E+02,-0.82519E+02,0.33803E+06,0.17385E+03
,803,0.22847E+04,0.13211E+02,-0.81023E+02,0.33724E+06,0.17368E+03
,804,0.22870E+04,0.13042E+02,-0.79498E+02,0.33646E+06,0.17352E+03
,805,0.22892E+04,0.12877E+02,-0.77958E+02,0.33567E+06,0.17337E+03
,806,0.22912E+04,0.12716E+02,-0.76404E+02,0.33489E+06,0.17324E+03
,807,0.22930E+04,0.12560E+02,-0.74835E+02,0.33411E+06,0.17312E+03
,808,0.22945E+04,0.12408E+02,-0.73244E+02,0.33334E+06,0.17301E+03
,809,0.22961E+04,0.12262E+02,-0.71646E+02,0.33256E+06,0.17291E+03
,810,0.22973E+04,0.12120E+02,-0.70026E+02,0.33179E+06,0.17282E+03
,811,0.22983E+04,0.11982E+02,-0.68392E+02,0.33102E+06,0.17274E+03
,812,0.22992E+04,0.11851E+02,-0.66747E+02,0.33025E+06,0.17266E+03
,813,0.22999E+04,0.11723E+02,-0.65093E+02,0.32949E+06,0.17259E+03
,814,0.23006E+04,0.11600E+02,-0.63425E+02,0.32873E+06,0.17253E+03
,815,0.23009E+04,0.11483E+02,-0.61747E+02,0.32797E+06,0.17246E+03
,816,0.23010E+04,0.11371E+02,-0.60058E+02,0.32721E+06,0.17240E+03
,817,0.23009E+04,0.11263E+02,-0.58359E+02,0.32645E+06,0.17235E+03
,818,0.23008E+04,0.11162E+02,-0.56651E+02,0.32570E+06,0.17229E+03
,819,0.23004E+04,0.11065E+02,-0.54934E+02,0.32495E+06,0.17223E+03
,820,0.22999E+04,0.10974E+02,-0.53209E+02,0.32420E+06,0.17217E+03
,821,0.22991E+04,0.10888E+02,-0.51478E+02,0.32345E+06,0.17211E+03
,822,0.22982E+04,0.10808E+02,-0.49739E+02,0.32271E+06,0.17204E+03
,823,0.22970E+04,0.10733E+02,-0.47994E+02,0.32197E+06,0.17197E+03
,824,0.22956E+04,0.10664E+02,-0.46242E+02,0.32123E+06,0.17189E+03
,825,0.22941E+04,0.10599E+02,-0.44487E+02,0.32049E+06,0.17181E+03
,826,0.22924E+04,0.10542E+02,-0.42727E+02,0.31975E+06,0.17172E+03
,827,0.22904E+04,0.10489E+02,-0.40965E+02,0.31902E+06,0.17162E+03
,828,0.22884E+04,0.10443E+02,-0.39200E+02,0.31829E+06,0.17151E+03
,829,0.22861E+04,0.10402E+02,-0.37433E+02,0.31756E+06,0.17139E+03
,830,0.22836E+04,0.10367E+02,-0.35666E+02,0.31683E+06,0.17125E+03
,831,0.22810E+04,0.10338E+02,-0.33898E+02,0.31611E+06,0.17111E+03
,832,0.22781E+04,0.10313E+02,-0.32130E+02,0.31538E+06,0.17095E+03
,833,0.22751E+04,0.10295E+02,-0.30363E+02,0.31466E+06,0.17077E+03
,834,0.22718E+04,0.10283E+02,-0.28597E+02,0.31395E+06,0.17058E+03
,835,0.22685E+04,0.10277E+02,-0.26833E+02,0.31323E+06,0.17037E+03
,836,0.22648E+04,0.10276E+02,-0.25071E+02,0.31251E+06,0.17014E+03
,837,0.22610E+04,0.10281E+02,-0.23313E+02,0.31180E+06,0.16989E+03
,838,0.22570E+04,0.10292E+02,-0.21559E+02,0.31109E+06,0.16962E+03
,839,0.22528E+04,0.10309E+02,-0.19808E+02,0.31038E+06,0.16933E+03
,840,0.22485E+04,0.10333E+02,-0.18062E+02,0.30968E+06,0.16902E+03
,841,0.22440E+04,0.10361E+02,-0.16324E+02,0.30897E+06,0.16869E+03
,842,0.22392E+04,0.10395E+02,-0.14590E+02,0.30827E+06,0.16833E+03
,843,0.22343E+04,0.10435E+02,-0.12866E+02,0.30757E+06,0.16794E+03
,844,0.22292E+04,0.10481E+02,-0.11148E+02,0.30687E+06,0.16753E+03
,845,0.22240E+04,0.10532E+02,-0.94395E+01,0.30618E+06,0.16709E+03
,846,0.22186E+04,0.10590E+02,-0.77402E+01,0.30548E+06,0.16662E+03
,847,0.22131E+04,0.10653E+02,-0.60502E+01,0.30479E+06,0.16612E+03
,848,0.22074E+04,0.10722E+02,-0.43712E+01,0.30410E+06,0.16559E+03
,849,0.22014E+04,0.10796E+02,-0.27026E+01,0.30341E+06,0.16503E+03
,850,0.21954E+04,0.10876E+02,-0.10454E+01,0.30272E+06,0.16443E+03
,851,0.21892E+04,0.10962E+02,0.59978E+00,0.30204E+06,0.16381E+03
,852,0.21828E+04,0.11054E+02,0.22326E+01,0.30136E+06,0.16315E+03
,853,0.21762E+04,0.11151E+02,0.38523E+01,0.30068E+06,0.16245E+03
,854,0.21695E+04,0.11254E+02,0.54576E+01,0.30000E+06,0.16173E+03
,855,0.21625E+04,0.11362E+02,0.70494E+01,0.29932E+06,0.16098E+03
,856,0.21555E+04,0.11475E+02,0.86258E+01,0.29864E+06,0.16021E+03
,857,0.21483E+04,0.11593E+02,0.10186E+02,0.29797E+06,0.15940E+03
,858,0.21409E+04,0.11719E+02,0.11730E+02,0.29730E+06,0.15858E+03
,859,0.21333E+04,0.11848E+02,0.13260E+02,0.29663E+06,0.15773E+03
,860,0.21258E+04,0.11982E+02,0.14770E+02,0.29596E+06,0.15686E+03
,861,0.21179E+04,0.12122E+02,0.16263E+02,0.29530E+06,0.15597E+03
,862,0.21100E+04,0.12267E+02,0.17738E+02,0.29463E+06,0.15507E+03
,863,0.21019E+04,0.12418E+02,0.19194E+02,0.29397E+06,0.15414E+03
,864,0.20937E+04,0.12573E+02,0.20630E+02,0.29331E+06,0.15320E+03
,865,0.20851E+04,0.12733E+02,0.22045E+02,0.29265E+06,0.15225E+03
,866,0.20768E+04,0.12898E+02,0.23441E+02,0.29200E+06,0.15129E+03
,867,0.20682E+04,0.13069E+02,0.24814E+02,0.29134E+06,0.15031E+03
,868,0.20594E+04,0.13244E+02,0.26167E+02,0.29069E+06,0.14933E+03
,869,0.20505E+04,0.13424E+02,0.27498E+02,0.29004E+06,0.14834E+03
,870,0.20415E+04,0.13608E+02,0.28807E+02,0.28939E+06,0.14734E+03
,871,0.20324E+04,0.13796E+02,0.30092E+02,0.28874E+06,0.14634E+03
,872,0.20232E+04,0.13990E+02,0.31355E+02,0.28810E+06,0.14533E+03
,873,0.20138E+04,0.14188E+02,0.32594E+02,0.28745E+06,0.14432E+03
,874,0.20044E+04,0.14391E+02,0.33808E+02,0.28681E+06,0.14331E+03
,875,0.19948E+04,0.14597E+02,0.34999E+02,0.28617E+06,0.14230E+03
,876,0.19850E+04,0.14808E+02,0.36165E+02,0.28553E+06,0.14130E+03
,877,0.19754E+04,0.15023E+02,0.37306E+02,0.28489E+06,0.14030E+03
,878,0.19654E+04,0.15242E+02,0.38420E+02,0.28426E+06,0.13930E+03
,879,0.19555E+04,0.15465E+02,0.39510E+02,0.28363E+06,0.13831E+03
,880,0.19455E+04,0.15692E+02,0.40573E+02,0.28299E+06,0.13733E+03
,881,0.19353E+04,0.15922E+02,0.41609E+02,0.28236E+06,0.13636E+03
,882,0.19250E+04,0.16156E+02,0.42618E+02,0.28174E+06,0.13539E+03
,883,0.19148E+04,0.16394E+02,0.43599E+02,0.28111E+06,0.13445E+03
,884,0.19043E+04,0.16634E+02,0.44554E+02,0.28048E+06,0.13351E+03
,885,0.18938E+04,0.16879E+02,0.45480E+02,0.27986E+06,0.13259E+03
,886,0.18832E+04,0.17127E+02,0.46378E+02,0.27924E+06,0.13169E+03
,887,0.18726E+04,0.17377E+02,0.47247E+02,0.27862E+06,0.13081E+03
,888,0.18619E+04,0.17632E+02,0.48088E+02,0.27800E+06,0.12994E+03
,889,0.18510E+04,0.17888E+02,0.48900E+02,0.27739E+06,0.12910E+03
,890,0.18402E+04,0.18148E+02,0.49681E+02,0.27677E+06,0.12828E+03
,891,0.18294E+04,0.18411E+02,0.50434E+02,0.27616E+06,0.12748E+03
,892,0.18184E+04,0.18676E+02,0.51159E+02,0.27555E+06,0.12671E+03
,893,0.18074E+04,0.18944E+02,0.51853E+02,0.27494E+06,0.12597E+03
,894,0.17964E+04,0.19214E+02,0.52517E+02,0.27433E+06,0.12526E+03
,895,0.17852E+04,0.19486E+02,0.53152E+02,0.27372E+06,0.12457E+03
,896,0.17741E+04,0.19761E+02,0.53757E+02,0.27312E+06,0.12392E+03
,897,0.17629E+04,0.20038E+02,0.54332E+02,0.27252E+06,0.12330E+03
,898,0.17517E+04,0.20317E+02,0.54878E+02,0.27191E+06,0.12272E+03
,899,0.17405E+04,0.20597E+02,0.55392E+02,0.27131E+06,0.12217E+03
,900,0.17292E+04,0.20880E+02,0.55876E+02,0.27072E+06,0.12165E+03
,901,0.17180E+04,0.21163E+02,0.56330E+02,0.27012E+06,0.12118E+03
,902,0.17066E+04,0.21449E+02,0.56754E+02,0.26952E+06,0.12074E+03
,903,0.16952E+04,0.21736E+02,0.57146E+02,0.26893E+06,0.12033E+03
,904,0.16839E+04,0.22023E+02,0.57508E+02,0.26834E+06,0.11995E+03
,905,0.16725E+04,0.22313E+02,0.57838E+02,0.26775E+06,0.11960E+03
,906,0.16611E+04,0.22603E+02,0.58138E+02,0.26716E+06,0.11927E+03
,907,0.16498E+04,0.22894E+02,0.58406E+02,0.26657E+06,0.11895E+03
,908,0.16385E+04,0.23186E+02,0.58644E+02,0.26599E+06,0.11865E+03
,909,0.16272E+04,0.23478E+02,0.58849E+02,0.26540E+06,0.11837E+03
,910,0.16157E+04,0.23772E+02,0.59026E+02,0.26482E+06,0.11808E+03
,911,0.16044E+04,0.24065E+02,0.59170E+02,0.26424E+06,0.11781E+03
,912,0.15930E+04,0.24359E+02,0.59283E+02,0.26366E+06,0.11753E+03
,913,0.15814E+04,0.24653E+02,0.59365E+02,0.26308E+06,0.11725E+03
,914,0.15702E+04,0.24946E+02,0.59418E+02,0.26250E+06,0.11696E+03
,915,0.15588E+04,0.25240E+02,0.59439E+02,0.26193E+06,0.11667E+03
,916,0.15475E+04,0.25534E+02,0.59429E+02,0.26136E+06,0.11636E+03
,917,0.15362E+04,0.25828E+02,0.59390E+02,0.26078E+06,0.11603E+03
,918,0.15250E+04,0.26121E+02,0.59319E+02,0.26021E+06,0.11569E+03
,919,0.15138E+04,0.26413E+02,0.59219E+02,0.25964E+06,0.11532E+03
,920,0.15026E+04,0.26705E+02,0.59087E+02,0.25908E+06,0.11492E+03
,921,0.14915E+04,0.26996E+02,0.58925E+02,0.25851E+06,0.11449E+03
,922,0.14804E+04,0.27286E+02,0.58734E+02,0.25795E+06,0.11403E+03
,923,0.14693E+04,0.27575E+02,0.58513E+02,0.25738E+06,0.11353E+03
,924,0.14583E+04,0.27863E+02,0.58262E+02,0.25682E+06,0.11299E+03
,925,0.14474E+04,0.28149E+02,0.57982E+02,0.25626E+06,0.11241E+03
,926,0.14364E+04,0.28435E+02,0.57673E+02,0.25570E+06,0.11178E+03
,927,0.14256E+04,0.28719E+02,0.57335E+02,0.25515E+06,0.11109E+03
,928,0.14148E+04,0.29001E+02,0.56968E+02,0.25459E+06,0.11035E+03
,929,0.14041E+04,0.29282E+02,0.56573E+02,0.25404E+06,0.10956E+03
,930,0.13934E+04,0.29560E+02,0.56149E+02,0.25348E+06,0.10870E+03
,931,0.13828E+04,0.29837E+02,0.55698E+02,0.25293E+06,0.10777E+03
,932,0.13723E+04,0.30111E+02,0.55219E+02,0.25238E+06,0.10678E+03
,933,0.13619E+04,0.30383E+02,0.54713E+02,0.25183E+06,0.10571E+03
,934,0.13515E+04,0.30654E+02,0.54181E+02,0.25128E+06,0.10457E+03
,935,0.13412E+04,0.30922E+02,0.53621E+02,0.25074E+06,0.10335E+03
,936,0.13310E+04,0.31187E+02,0.53035E+02,0.25019E+06,0.10205E+03
,937,0.13208E+04,0.31450E+02,0.52423E+02,0.24965E+06,0.10066E+03
,938,0.13107E+04,0.31710E+02,0.51785E+02,0.24911E+06,0.99180E+02
,939,0.13008E+04,0.31967E+02,0.51122E+02,0.24857E+06,0.97608E+02
,940,0.12909E+04,0.32221E+02,0.50434E+02,0.24803E+06,0.95940E+02
,941,0.12811E+04,0.32472E+02,0.49721E+02,0.24749E+06,0.94171E+02
,942,0.12713E+04,0.32720E+02,0.48983E+02,0.24695E+06,0.92299E+02
,943,0.12618E+04,0.32965E+02,0.48222E+02,0.24642E+06,0.90320E+02
,944,0.12523E+04,0.33206E+02,0.47437E+02,0.24588E+06,0.88231E+02
,945,0.12429E+04,0.33443E+02,0.46629E+02,0.24535E+06,0.86028E+02
,946,0.12336E+04,0.33678E+02,0.45798E+02,0.24482E+06,0.83707E+02
,947,0.12244E+04,0.33908E+02,0.44946E+02,0.24429E+06,0.81266E+02
,948,0.12152E+04,0.34136E+02,0.44071E+02,0.24376E+06,0.78700E+02
,949,0.12063E+04,0.34359E+02,0.43176E+02,0.24323E+06,0.76006E+02
,950,0.11974E+04,0.34578E+02,0.42259E+02,0.24271E+06,0.73182E+02
,951,0.11886E+04,0.34794E+02,0.41322E+02,0.24218E+06,0.70225E+02
,952,0.11800E+04,0.35007E+02,0.40365E+02,0.24166E+06,0.67147E+02
,953,0.11714E+04,0.35213E+02,0.39388E+02,0.24114E+06,0.63960E+02
,954,0.11630E+04,0.35417E+02,0.38393E+02,0.24062E+06,0.60679E+02
,955,0.11546E+04,0.35616E+02,0.37378E+02,0.24010E+06,0.57317E+02
,956,0.11464E+04,0.35810E+02,0.36344E+02,0.23958E+06,0.53886E+02
,957,0.11384E+04,0.36000E+02,0.35294E+02,0.23906E+06,0.50400E+02
,958,0.11303E+04,0.36185E+02,0.34225E+02,0.23855E+06,0.46873E+02
,959,0.11226E+04,0.36366E+02,0.33139E+02,0.23803E+06,0.43317E+02
,960,0.11149E+04,0.36542E+02,0.32038E+02,0.23752E+06,0.39747E+02
,961,0.11072E+04,0.36714E+02,0.30920E+02,0.23701E+06,0.36174E+02
,962,0.10998E+04,0.36881E+02,0.29786E+02,0.23649E+06,0.32614E+02
,963,0.10925E+04,0.37043E+02,0.28638E+02,0.23599E+06,0.29078E+02
,964,0.10854E+04,0.37200E+02,0.27476E+02,0.23548E+06,0.25580E+02
,965,0.10783E+04,0.37352E+02,0.26299E+02,0.23497E+06,0.22133E+02
,966,0.10714E+04,0.37499E+02,0.25110E+02,0.23447E+06,0.18752E+02
,967,0.10645E+04,0.37642E+02,0.23907E+02,0.23396E+06,0.15448E+02
,968,0.10578E+04,0.37778E+02,0.22691E+02,0.23346E+06,0.12236E+02
,969,0.10513E+04,0.37910E+02,0.21464E+02,0.23296E+06,0.91289E+01
,970,0.10450E+04,0.38036E+02,0.20225E+02,0.23246E+06,0.61394E+01
,971,0.10387E+04,0.38158E+02,0.18975E+02,0.23196E+06,0.32812E+01
,972,0.10325E+04,0.38273E+02,0.17715E+02,0.23146E+06,0.56749E+00
,973,0.10265E+04,0.38384E+02,0.16444E+02,0.23096E+06,-0.19883E+01
,974,0.10207E+04,0.38489E+02,0.15163E+02,0.23047E+06,-0.43730E+01
,975,0.10150E+04,0.38589E+02,0.13874E+02,0.22998E+06,-0.65732E+01
,976,0.10095E+04,0.38683E+02,0.12576E+02,0.22948E+06,-0.85756E+01
,977,0.10041E+04,0.38771E+02,0.11271E+02,0.22899E+06,-0.10367E+02
,978,0.99876E+03,0.38855E+02,0.99589E+01,0.22850E+06,-0.11934E+02
,979,0.99370E+03,0.38933E+02,0.86400E+01,0.22801E+06,-0.13263E+02
,980,0.98871E+03,0.39006E+02,0.73145E+01,0.22753E+06,-0.14342E+02
,981,0.98385E+03,0.39071E+02,0.59831E+01,0.22704E+06,-0.15156E+02
,982,0.97913E+03,0.39133E+02,0.46467E+01,0.22656E+06,-0.15693E+02
,983,0.97462E+03,0.39188E+02,0.33055E+01,0.22607E+06,-0.15939E+02
,984,0.97017E+03,0.39237E+02,0.19599E+01,0.22559E+06,-0.15880E+02
,985,0.96593E+03,0.39281E+02,0.61043E+00,0.22511E+06,-0.15504E+02
,986,0.96176E+03,0.39319E+02,-0.74202E+00,0.22463E+06,-0.14798E+02
,987,0.95772E+03,0.39352E+02,-0.20976E+01,0.22415E+06,-0.13747E+02
,988,0.95389E+03,0.39380E+02,-0.34552E+01,0.22368E+06,-0.12339E+02
,989,0.95020E+03,0.39401E+02,-0.48136E+01,0.22320E+06,-0.10561E+02
,990,0.94665E+03,0.39420E+02,-0.61742E+01,0.22273E+06,-0.83984E+01
,991,0.94324E+03,0.39430E+02,-0.75352E+01,0.22226E+06,-0.58387E+01
,992,0.93996E+03,0.39435E+02,-0.88966E+01,0.22179E+06,-0.28684E+01
,993,0.93674E+03,0.39434E+02,-0.10258E+02,0.22132E+06,0.52565E+00
,994,0.93374E+03,0.39428E+02,-0.11617E+02,0.22085E+06,0.43569E+01
,995,0.93095E+03,0.39417E+02,-0.12976E+02,0.22038E+06,0.86385E+01
,996,0.92822E+03,0.39398E+02,-0.14332E+02,0.21991E+06,0.13384E+02
,997,0.92564E+03,0.39376E+02,-0.15687E+02,0.21945E+06,0.18606E+02
,998,0.92318E+03,0.39348E+02,-0.17038E+02,0.21899E+06,0.24319E+02
,999,0.92087E+03,0.39314E+02,-0.18386E+02,0.21852E+06,0.30535E+02
,1000,0.91870E+03,0.39275E+02,-0.19731E+02,0.21806E+06,0.37269E+02
,1001,0.91666E+03,0.39230E+02,-0.21070E+02,0.21760E+06,0.44526E+02
,1002,0.91469E+03,0.39180E+02,-0.22404E+02,0.21715E+06,0.52292E+02
,1003,0.91293E+03,0.39124E+02,-0.23733E+02,0.21669E+06,0.60544E+02
,1004,0.91131E+03,0.39063E+02,-0.25056E+02,0.21623E+06,0.69259E+02
,1005,0.90991E+03,0.38997E+02,-0.26370E+02,0.21578E+06,0.78417E+02
,1006,0.90857E+03,0.38924E+02,-0.27678E+02,0.21533E+06,0.87994E+02
,1007,0.90730E+03,0.38847E+02,-0.28977E+02,0.21487E+06,0.97969E+02
,1008,0.90595E+03,0.38763E+02,-0.30267E+02,0.21442E+06,0.10832E+03
,1009,0.90496E+03,0.38675E+02,-0.31547E+02,0.21397E+06,0.11902E+03
,1010,0.90412E+03,0.38581E+02,-0.32817E+02,0.21352E+06,0.13006E+03
,1011,0.90334E+03,0.38483E+02,-0.34076E+02,0.21307E+06,0.14140E+03
,1012,0.90270E+03,0.38379E+02,-0.35326E+02,0.21263E+06,0.15304E+03
,1013,0.90221E+03,0.38271E+02,-0.36562E+02,0.21218E+06,0.16493E+03
,1014,0.90187E+03,0.38156E+02,-0.37786E+02,0.21173E+06,0.17707E+03
,1015,0.90152E+03,0.38037E+02,-0.38997E+02,0.21129E+06,0.18943E+03
,1016,0.90138E+03,0.37912E+02,-0.40194E+02,0.21084E+06,0.20199E+03
,1017,0.90140E+03,0.37782E+02,-0.41378E+02,0.21040E+06,0.21473E+03
,1018,0.90148E+03,0.37647E+02,-0.42547E+02,0.20995E+06,0.22762E+03
,1019,0.90164E+03,0.37507E+02,-0.43700E+02,0.20951E+06,0.24064E+03
,1020,0.90201E+03,0.37360E+02,-0.44838E+02,0.20906E+06,0.25378E+03
,1021,0.90246E+03,0.37209E+02,-0.45960E+02,0.20862E+06,0.26700E+03
,1022,0.90299E+03,0.37054E+02,-0.47066E+02,0.20817E+06,0.28029E+03
,1023,0.90366E+03,0.36893E+02,-0.48151E+02,0.20773E+06,0.29362E+03
,1024,0.90440E+03,0.36726E+02,-0.49221E+02,0.20729E+06,0.30698E+03